6.309573444801930236e+03 3.524407756959643118e-02 1.153622999999999976e+01 2.064405000000000001e+01 1.220307999999999993e+01 2.042576298713684082e+02
1.042753888853766694e+04 3.046930293120435687e-02 1.734782999999999831e+01 2.388309999999999889e+01 1.845777000000000001e+01 2.032975118160247803e+02
1.723310905613508294e+04 2.666670727629536289e-02 1.975423999999999936e+01 3.271594999999999942e+01 2.837688999999999950e+01 2.447878997325897217e+02
2.848035868435799057e+04 2.370187307673039118e-02 1.997742999999999824e+01 4.882088999999999857e+01 4.378392000000000195e+01 3.096809954643249512e+02
4.706816559609249089e+04 2.115398648335411330e-02 2.009017000000000053e+01 7.455474999999999852e+01 6.760754000000000019e+01 3.476526050567626953e+02
7.778737048694303667e+04 1.899725244065266980e-02 2.013376999999999839e+01 1.150405999999999977e+02 1.046000999999999976e+02 3.846527116298675537e+02
1.285555731913903146e+05 1.714636450810932272e-02 2.013697000000000159e+01 1.786940999999999917e+02 1.620946999999999889e+02 3.738122205734252930e+02
2.124578231030567549e+05 1.553393873568825224e-02 2.011909999999999954e+01 2.789635999999999854e+02 2.515233000000000061e+02 4.028586356639862061e+02
3.511191734215134638e+05 1.410715496386098257e-02 2.009778000000000020e+01 4.393084000000000060e+02 3.907171999999999912e+02 2.969198148250579834e+02
5.802783448666185141e+05 1.282918168633857825e-02 1.989961999999999875e+01 6.939745000000000346e+02 6.074740000000000464e+02 2.803752579689025879e+02
9.589990607459989842e+05 1.167554949310218790e-02 1.751970999999999989e+01 1.098126999999999953e+03 9.452681999999999789e+02 4.397940928936004639e+02
1.584893192461114144e+06 1.502814758122396024e+62 9.367394000000000176e+01 2.128423000000000164e+22 6.465596000000000000e+19 1.995272523641586304e+03
