/*--------------------------------*- C++ -*----------------------------------*\
| =========                 |                                                 |
| \\      /  F ield         | OpenFOAM: The Open Source CFD Toolbox           |
|  \\    /   O peration     | Version:  2412                                  |
|   \\  /    A nd           | Website:  www.openfoam.com                      |
|    \\/     M anipulation  |                                                 |
\*---------------------------------------------------------------------------*/
FoamFile
{
    version     2.0;
    format      ascii;
    arch        "LSB;label=32;scalar=64";
    class       faceList;
    location    "constant/polyMesh";
    object      faces;
}
// * * * * * * * * * * * * * * * * * * * * * * * * * * * * * * * * * * * * * //


1420
(
4(1 8 29 22)
4(7 28 29 8)
4(21 22 29 28)
4(2 9 30 23)
4(8 29 30 9)
4(22 23 30 29)
4(3 10 31 24)
4(9 30 31 10)
4(23 24 31 30)
4(4 11 32 25)
4(10 31 32 11)
4(24 25 32 31)
4(5 12 33 26)
4(11 32 33 12)
4(25 26 33 32)
4(12 33 34 13)
4(26 27 34 33)
4(8 15 36 29)
4(28 29 36 35)
4(9 16 37 30)
4(29 30 37 36)
4(10 17 38 31)
4(30 31 38 37)
4(11 18 39 32)
4(31 32 39 38)
4(12 19 40 33)
4(32 33 40 39)
4(33 34 41 40)
4(22 29 50 43)
4(28 49 50 29)
4(42 43 50 49)
4(23 30 51 44)
4(29 50 51 30)
4(43 44 51 50)
4(24 31 52 45)
4(30 51 52 31)
4(44 45 52 51)
4(25 32 53 46)
4(31 52 53 32)
4(45 46 53 52)
4(26 33 54 47)
4(32 53 54 33)
4(46 47 54 53)
4(33 54 55 34)
4(47 48 55 54)
4(29 36 57 50)
4(49 50 57 56)
4(30 37 58 51)
4(50 51 58 57)
4(31 38 59 52)
4(51 52 59 58)
4(32 39 60 53)
4(52 53 60 59)
4(33 40 61 54)
4(53 54 61 60)
4(54 55 62 61)
4(43 50 71 64)
4(49 70 71 50)
4(63 64 71 70)
4(44 51 72 65)
4(50 71 72 51)
4(64 65 72 71)
4(45 52 73 66)
4(51 72 73 52)
4(65 66 73 72)
4(46 53 74 67)
4(52 73 74 53)
4(66 67 74 73)
4(47 54 75 68)
4(53 74 75 54)
4(67 68 75 74)
4(54 75 76 55)
4(68 69 76 75)
4(50 57 78 71)
4(70 71 78 77)
4(51 58 79 72)
4(71 72 79 78)
4(52 59 80 73)
4(72 73 80 79)
4(53 60 81 74)
4(73 74 81 80)
4(54 61 82 75)
4(74 75 82 81)
4(75 76 83 82)
4(64 71 92 85)
4(70 91 92 71)
4(84 85 92 91)
4(65 72 93 86)
4(71 92 93 72)
4(85 86 93 92)
4(66 73 94 87)
4(72 93 94 73)
4(86 87 94 93)
4(67 74 95 88)
4(73 94 95 74)
4(87 88 95 94)
4(68 75 96 89)
4(74 95 96 75)
4(88 89 96 95)
4(75 96 97 76)
4(89 90 97 96)
4(71 78 99 92)
4(91 92 99 98)
4(72 79 100 93)
4(92 93 100 99)
4(73 80 101 94)
4(93 94 101 100)
4(74 81 102 95)
4(94 95 102 101)
4(75 82 103 96)
4(95 96 103 102)
4(96 97 104 103)
4(85 92 113 106)
4(91 112 113 92)
4(105 106 113 112)
4(86 93 114 107)
4(92 113 114 93)
4(106 107 114 113)
4(87 94 115 108)
4(93 114 115 94)
4(107 108 115 114)
4(88 95 116 109)
4(94 115 116 95)
4(108 109 116 115)
4(89 96 117 110)
4(95 116 117 96)
4(109 110 117 116)
4(96 117 118 97)
4(110 111 118 117)
4(92 99 120 113)
4(112 113 120 119)
4(93 100 121 114)
4(113 114 121 120)
4(94 101 122 115)
4(114 115 122 121)
4(95 102 123 116)
4(115 116 123 122)
4(96 103 124 117)
4(116 117 124 123)
4(117 118 125 124)
4(106 113 134 127)
4(112 133 134 113)
4(126 127 134 133)
4(107 114 135 128)
4(113 134 135 114)
4(127 128 135 134)
4(108 115 136 129)
4(114 135 136 115)
4(128 129 136 135)
4(109 116 137 130)
4(115 136 137 116)
4(129 130 137 136)
4(110 117 138 131)
4(116 137 138 117)
4(130 131 138 137)
4(117 138 139 118)
4(131 132 139 138)
4(113 120 141 134)
4(133 134 141 140)
4(114 121 142 135)
4(134 135 142 141)
4(115 122 143 136)
4(135 136 143 142)
4(116 123 144 137)
4(136 137 144 143)
4(117 124 145 138)
4(137 138 145 144)
4(138 139 146 145)
4(127 134 155 148)
4(133 154 155 134)
4(147 148 155 154)
4(128 135 156 149)
4(134 155 156 135)
4(148 149 156 155)
4(129 136 157 150)
4(135 156 157 136)
4(149 150 157 156)
4(130 137 158 151)
4(136 157 158 137)
4(150 151 158 157)
4(131 138 159 152)
4(137 158 159 138)
4(151 152 159 158)
4(138 159 160 139)
4(152 153 160 159)
4(134 141 162 155)
4(154 155 162 161)
4(135 142 163 156)
4(155 156 163 162)
4(136 143 164 157)
4(156 157 164 163)
4(137 144 165 158)
4(157 158 165 164)
4(138 145 166 159)
4(158 159 166 165)
4(159 160 167 166)
4(148 155 176 169)
4(154 175 176 155)
4(168 169 176 175)
4(149 156 177 170)
4(155 176 177 156)
4(169 170 177 176)
4(150 157 178 171)
4(156 177 178 157)
4(170 171 178 177)
4(151 158 179 172)
4(157 178 179 158)
4(171 172 179 178)
4(152 159 180 173)
4(158 179 180 159)
4(172 173 180 179)
4(159 180 181 160)
4(173 174 181 180)
4(155 162 183 176)
4(175 176 183 182)
4(156 163 184 177)
4(176 177 184 183)
4(157 164 185 178)
4(177 178 185 184)
4(158 165 186 179)
4(178 179 186 185)
4(159 166 187 180)
4(179 180 187 186)
4(180 181 188 187)
4(169 176 197 190)
4(175 196 197 176)
4(189 190 197 196)
4(170 177 198 191)
4(176 197 198 177)
4(190 191 198 197)
4(171 178 199 192)
4(177 198 199 178)
4(191 192 199 198)
4(172 179 200 193)
4(178 199 200 179)
4(192 193 200 199)
4(173 180 201 194)
4(179 200 201 180)
4(193 194 201 200)
4(180 201 202 181)
4(194 195 202 201)
4(176 183 204 197)
4(196 197 204 203)
4(177 184 205 198)
4(197 198 205 204)
4(178 185 206 199)
4(198 199 206 205)
4(179 186 207 200)
4(199 200 207 206)
4(180 187 208 201)
4(200 201 208 207)
4(201 202 209 208)
4(190 197 218 211)
4(196 217 218 197)
4(210 211 218 217)
4(191 198 219 212)
4(197 218 219 198)
4(211 212 219 218)
4(192 199 220 213)
4(198 219 220 199)
4(212 213 220 219)
4(193 200 221 214)
4(199 220 221 200)
4(213 214 221 220)
4(194 201 222 215)
4(200 221 222 201)
4(214 215 222 221)
4(201 222 223 202)
4(215 216 223 222)
4(197 204 225 218)
4(217 218 225 224)
4(198 205 226 219)
4(218 219 226 225)
4(199 206 227 220)
4(219 220 227 226)
4(200 207 228 221)
4(220 221 228 227)
4(201 208 229 222)
4(221 222 229 228)
4(222 223 230 229)
4(211 218 239 232)
4(217 238 239 218)
4(231 232 239 238)
4(212 219 240 233)
4(218 239 240 219)
4(232 233 240 239)
4(213 220 241 234)
4(219 240 241 220)
4(233 234 241 240)
4(214 221 242 235)
4(220 241 242 221)
4(234 235 242 241)
4(215 222 243 236)
4(221 242 243 222)
4(235 236 243 242)
4(222 243 244 223)
4(236 237 244 243)
4(218 225 246 239)
4(238 239 246 245)
4(219 226 247 240)
4(239 240 247 246)
4(220 227 248 241)
4(240 241 248 247)
4(221 228 249 242)
4(241 242 249 248)
4(222 229 250 243)
4(242 243 250 249)
4(243 244 251 250)
4(232 239 260 253)
4(238 259 260 239)
4(252 253 260 259)
4(233 240 261 254)
4(239 260 261 240)
4(253 254 261 260)
4(234 241 262 255)
4(240 261 262 241)
4(254 255 262 261)
4(235 242 263 256)
4(241 262 263 242)
4(255 256 263 262)
4(236 243 264 257)
4(242 263 264 243)
4(256 257 264 263)
4(243 264 265 244)
4(257 258 265 264)
4(239 246 267 260)
4(259 260 267 266)
4(240 247 268 261)
4(260 261 268 267)
4(241 248 269 262)
4(261 262 269 268)
4(242 249 270 263)
4(262 263 270 269)
4(243 250 271 264)
4(263 264 271 270)
4(264 265 272 271)
4(253 260 281 274)
4(259 280 281 260)
4(273 274 281 280)
4(254 261 282 275)
4(260 281 282 261)
4(274 275 282 281)
4(255 262 283 276)
4(261 282 283 262)
4(275 276 283 282)
4(256 263 284 277)
4(262 283 284 263)
4(276 277 284 283)
4(257 264 285 278)
4(263 284 285 264)
4(277 278 285 284)
4(264 285 286 265)
4(278 279 286 285)
4(260 267 288 281)
4(280 281 288 287)
4(261 268 289 282)
4(281 282 289 288)
4(262 269 290 283)
4(282 283 290 289)
4(263 270 291 284)
4(283 284 291 290)
4(264 271 292 285)
4(284 285 292 291)
4(285 286 293 292)
4(274 281 302 295)
4(280 301 302 281)
4(294 295 302 301)
4(275 282 303 296)
4(281 302 303 282)
4(295 296 303 302)
4(276 283 304 297)
4(282 303 304 283)
4(296 297 304 303)
4(277 284 305 298)
4(283 304 305 284)
4(297 298 305 304)
4(278 285 306 299)
4(284 305 306 285)
4(298 299 306 305)
4(285 306 307 286)
4(299 300 307 306)
4(281 288 309 302)
4(301 302 309 308)
4(282 289 310 303)
4(302 303 310 309)
4(283 290 311 304)
4(303 304 311 310)
4(284 291 312 305)
4(304 305 312 311)
4(285 292 313 306)
4(305 306 313 312)
4(306 307 314 313)
4(295 302 323 316)
4(301 322 323 302)
4(315 316 323 322)
4(296 303 324 317)
4(302 323 324 303)
4(316 317 324 323)
4(297 304 325 318)
4(303 324 325 304)
4(317 318 325 324)
4(298 305 326 319)
4(304 325 326 305)
4(318 319 326 325)
4(299 306 327 320)
4(305 326 327 306)
4(319 320 327 326)
4(306 327 328 307)
4(320 321 328 327)
4(302 309 330 323)
4(322 323 330 329)
4(303 310 331 324)
4(323 324 331 330)
4(304 311 332 325)
4(324 325 332 331)
4(305 312 333 326)
4(325 326 333 332)
4(306 313 334 327)
4(326 327 334 333)
4(327 328 335 334)
4(316 323 344 337)
4(322 343 344 323)
4(336 337 344 343)
4(317 324 345 338)
4(323 344 345 324)
4(337 338 345 344)
4(318 325 346 339)
4(324 345 346 325)
4(338 339 346 345)
4(319 326 347 340)
4(325 346 347 326)
4(339 340 347 346)
4(320 327 348 341)
4(326 347 348 327)
4(340 341 348 347)
4(327 348 349 328)
4(341 342 349 348)
4(323 330 351 344)
4(343 344 351 350)
4(324 331 352 345)
4(344 345 352 351)
4(325 332 353 346)
4(345 346 353 352)
4(326 333 354 347)
4(346 347 354 353)
4(327 334 355 348)
4(347 348 355 354)
4(348 349 356 355)
4(337 344 365 358)
4(343 364 365 344)
4(357 358 365 364)
4(338 345 366 359)
4(344 365 366 345)
4(358 359 366 365)
4(339 346 367 360)
4(345 366 367 346)
4(359 360 367 366)
4(340 347 368 361)
4(346 367 368 347)
4(360 361 368 367)
4(341 348 369 362)
4(347 368 369 348)
4(361 362 369 368)
4(348 369 370 349)
4(362 363 370 369)
4(344 351 372 365)
4(364 365 372 371)
4(345 352 373 366)
4(365 366 373 372)
4(346 353 374 367)
4(366 367 374 373)
4(347 354 375 368)
4(367 368 375 374)
4(348 355 376 369)
4(368 369 376 375)
4(369 370 377 376)
4(358 365 386 379)
4(364 385 386 365)
4(378 379 386 385)
4(359 366 387 380)
4(365 386 387 366)
4(379 380 387 386)
4(360 367 388 381)
4(366 387 388 367)
4(380 381 388 387)
4(361 368 389 382)
4(367 388 389 368)
4(381 382 389 388)
4(362 369 390 383)
4(368 389 390 369)
4(382 383 390 389)
4(369 390 391 370)
4(383 384 391 390)
4(365 372 393 386)
4(385 386 393 392)
4(366 373 394 387)
4(386 387 394 393)
4(367 374 395 388)
4(387 388 395 394)
4(368 375 396 389)
4(388 389 396 395)
4(369 376 397 390)
4(389 390 397 396)
4(390 391 398 397)
4(379 386 407 400)
4(385 406 407 386)
4(399 400 407 406)
4(380 387 408 401)
4(386 407 408 387)
4(400 401 408 407)
4(381 388 409 402)
4(387 408 409 388)
4(401 402 409 408)
4(382 389 410 403)
4(388 409 410 389)
4(402 403 410 409)
4(383 390 411 404)
4(389 410 411 390)
4(403 404 411 410)
4(390 411 412 391)
4(404 405 412 411)
4(386 393 414 407)
4(406 407 414 413)
4(387 394 415 408)
4(407 408 415 414)
4(388 395 416 409)
4(408 409 416 415)
4(389 396 417 410)
4(409 410 417 416)
4(390 397 418 411)
4(410 411 418 417)
4(411 412 419 418)
4(400 407 428 421)
4(406 427 428 407)
4(420 421 428 427)
4(401 408 429 422)
4(407 428 429 408)
4(421 422 429 428)
4(402 409 430 423)
4(408 429 430 409)
4(422 423 430 429)
4(403 410 431 424)
4(409 430 431 410)
4(423 424 431 430)
4(404 411 432 425)
4(410 431 432 411)
4(424 425 432 431)
4(411 432 433 412)
4(425 426 433 432)
4(407 414 435 428)
4(427 428 435 434)
4(408 415 436 429)
4(428 429 436 435)
4(409 416 437 430)
4(429 430 437 436)
4(410 417 438 431)
4(430 431 438 437)
4(411 418 439 432)
4(431 432 439 438)
4(432 433 440 439)
4(421 428 449 442)
4(427 448 449 428)
4(441 442 449 448)
4(422 429 450 443)
4(428 449 450 429)
4(442 443 450 449)
4(423 430 451 444)
4(429 450 451 430)
4(443 444 451 450)
4(424 431 452 445)
4(430 451 452 431)
4(444 445 452 451)
4(425 432 453 446)
4(431 452 453 432)
4(445 446 453 452)
4(432 453 454 433)
4(446 447 454 453)
4(428 435 456 449)
4(448 449 456 455)
4(429 436 457 450)
4(449 450 457 456)
4(430 437 458 451)
4(450 451 458 457)
4(431 438 459 452)
4(451 452 459 458)
4(432 439 460 453)
4(452 453 460 459)
4(453 454 461 460)
4(442 449 470 463)
4(448 469 470 449)
4(462 463 470 469)
4(443 450 471 464)
4(449 470 471 450)
4(463 464 471 470)
4(444 451 472 465)
4(450 471 472 451)
4(464 465 472 471)
4(445 452 473 466)
4(451 472 473 452)
4(465 466 473 472)
4(446 453 474 467)
4(452 473 474 453)
4(466 467 474 473)
4(453 474 475 454)
4(467 468 475 474)
4(449 456 477 470)
4(469 470 477 476)
4(450 457 478 471)
4(470 471 478 477)
4(451 458 479 472)
4(471 472 479 478)
4(452 459 480 473)
4(472 473 480 479)
4(453 460 481 474)
4(473 474 481 480)
4(474 475 482 481)
4(463 470 491 484)
4(469 490 491 470)
4(483 484 491 490)
4(464 471 492 485)
4(470 491 492 471)
4(484 485 492 491)
4(465 472 493 486)
4(471 492 493 472)
4(485 486 493 492)
4(466 473 494 487)
4(472 493 494 473)
4(486 487 494 493)
4(467 474 495 488)
4(473 494 495 474)
4(487 488 495 494)
4(474 495 496 475)
4(488 489 496 495)
4(470 477 498 491)
4(490 491 498 497)
4(471 478 499 492)
4(491 492 499 498)
4(472 479 500 493)
4(492 493 500 499)
4(473 480 501 494)
4(493 494 501 500)
4(474 481 502 495)
4(494 495 502 501)
4(495 496 503 502)
4(484 491 512 505)
4(490 511 512 491)
4(504 505 512 511)
4(485 492 513 506)
4(491 512 513 492)
4(505 506 513 512)
4(486 493 514 507)
4(492 513 514 493)
4(506 507 514 513)
4(487 494 515 508)
4(493 514 515 494)
4(507 508 515 514)
4(488 495 516 509)
4(494 515 516 495)
4(508 509 516 515)
4(495 516 517 496)
4(509 510 517 516)
4(491 498 519 512)
4(511 512 519 518)
4(492 499 520 513)
4(512 513 520 519)
4(493 500 521 514)
4(513 514 521 520)
4(494 501 522 515)
4(514 515 522 521)
4(495 502 523 516)
4(515 516 523 522)
4(516 517 524 523)
4(505 512 533 526)
4(511 532 533 512)
4(525 526 533 532)
4(506 513 534 527)
4(512 533 534 513)
4(526 527 534 533)
4(507 514 535 528)
4(513 534 535 514)
4(527 528 535 534)
4(508 515 536 529)
4(514 535 536 515)
4(528 529 536 535)
4(509 516 537 530)
4(515 536 537 516)
4(529 530 537 536)
4(516 537 538 517)
4(530 531 538 537)
4(512 519 540 533)
4(532 533 540 539)
4(513 520 541 534)
4(533 534 541 540)
4(514 521 542 535)
4(534 535 542 541)
4(515 522 543 536)
4(535 536 543 542)
4(516 523 544 537)
4(536 537 544 543)
4(537 538 545 544)
4(526 533 554 547)
4(532 553 554 533)
4(546 547 554 553)
4(527 534 555 548)
4(533 554 555 534)
4(547 548 555 554)
4(528 535 556 549)
4(534 555 556 535)
4(548 549 556 555)
4(529 536 557 550)
4(535 556 557 536)
4(549 550 557 556)
4(530 537 558 551)
4(536 557 558 537)
4(550 551 558 557)
4(537 558 559 538)
4(551 552 559 558)
4(533 540 561 554)
4(553 554 561 560)
4(534 541 562 555)
4(554 555 562 561)
4(535 542 563 556)
4(555 556 563 562)
4(536 543 564 557)
4(556 557 564 563)
4(537 544 565 558)
4(557 558 565 564)
4(558 559 566 565)
4(547 554 575 568)
4(553 574 575 554)
4(567 568 575 574)
4(548 555 576 569)
4(554 575 576 555)
4(568 569 576 575)
4(549 556 577 570)
4(555 576 577 556)
4(569 570 577 576)
4(550 557 578 571)
4(556 577 578 557)
4(570 571 578 577)
4(551 558 579 572)
4(557 578 579 558)
4(571 572 579 578)
4(558 579 580 559)
4(572 573 580 579)
4(554 561 582 575)
4(574 575 582 581)
4(555 562 583 576)
4(575 576 583 582)
4(556 563 584 577)
4(576 577 584 583)
4(557 564 585 578)
4(577 578 585 584)
4(558 565 586 579)
4(578 579 586 585)
4(579 580 587 586)
4(568 575 596 589)
4(574 595 596 575)
4(588 589 596 595)
4(569 576 597 590)
4(575 596 597 576)
4(589 590 597 596)
4(570 577 598 591)
4(576 597 598 577)
4(590 591 598 597)
4(571 578 599 592)
4(577 598 599 578)
4(591 592 599 598)
4(572 579 600 593)
4(578 599 600 579)
4(592 593 600 599)
4(579 600 601 580)
4(593 594 601 600)
4(575 582 603 596)
4(595 596 603 602)
4(576 583 604 597)
4(596 597 604 603)
4(577 584 605 598)
4(597 598 605 604)
4(578 585 606 599)
4(598 599 606 605)
4(579 586 607 600)
4(599 600 607 606)
4(600 601 608 607)
4(589 596 617 610)
4(595 616 617 596)
4(609 610 617 616)
4(590 597 618 611)
4(596 617 618 597)
4(610 611 618 617)
4(591 598 619 612)
4(597 618 619 598)
4(611 612 619 618)
4(592 599 620 613)
4(598 619 620 599)
4(612 613 620 619)
4(593 600 621 614)
4(599 620 621 600)
4(613 614 621 620)
4(600 621 622 601)
4(614 615 622 621)
4(596 603 624 617)
4(616 617 624 623)
4(597 604 625 618)
4(617 618 625 624)
4(598 605 626 619)
4(618 619 626 625)
4(599 606 627 620)
4(619 620 627 626)
4(600 607 628 621)
4(620 621 628 627)
4(621 622 629 628)
4(610 617 638 631)
4(616 637 638 617)
4(630 631 638 637)
4(611 618 639 632)
4(617 638 639 618)
4(631 632 639 638)
4(612 619 640 633)
4(618 639 640 619)
4(632 633 640 639)
4(613 620 641 634)
4(619 640 641 620)
4(633 634 641 640)
4(614 621 642 635)
4(620 641 642 621)
4(634 635 642 641)
4(621 642 643 622)
4(635 636 643 642)
4(617 624 645 638)
4(637 638 645 644)
4(618 625 646 639)
4(638 639 646 645)
4(619 626 647 640)
4(639 640 647 646)
4(620 627 648 641)
4(640 641 648 647)
4(621 628 649 642)
4(641 642 649 648)
4(642 643 650 649)
4(631 638 659 652)
4(637 658 659 638)
4(651 652 659 658)
4(632 639 660 653)
4(638 659 660 639)
4(652 653 660 659)
4(633 640 661 654)
4(639 660 661 640)
4(653 654 661 660)
4(634 641 662 655)
4(640 661 662 641)
4(654 655 662 661)
4(635 642 663 656)
4(641 662 663 642)
4(655 656 663 662)
4(642 663 664 643)
4(656 657 664 663)
4(638 645 666 659)
4(658 659 666 665)
4(639 646 667 660)
4(659 660 667 666)
4(640 647 668 661)
4(660 661 668 667)
4(641 648 669 662)
4(661 662 669 668)
4(642 649 670 663)
4(662 663 670 669)
4(663 664 671 670)
4(652 659 680 673)
4(658 679 680 659)
4(653 660 681 674)
4(659 680 681 660)
4(654 661 682 675)
4(660 681 682 661)
4(655 662 683 676)
4(661 682 683 662)
4(656 663 684 677)
4(662 683 684 663)
4(663 684 685 664)
4(659 666 687 680)
4(660 667 688 681)
4(661 668 689 682)
4(662 669 690 683)
4(663 670 691 684)
4(0 7 8 1)
4(7 14 15 8)
4(1 8 9 2)
4(8 15 16 9)
4(2 9 10 3)
4(9 16 17 10)
4(3 10 11 4)
4(10 17 18 11)
4(4 11 12 5)
4(11 18 19 12)
4(5 12 13 6)
4(12 19 20 13)
4(672 673 680 679)
4(679 680 687 686)
4(673 674 681 680)
4(680 681 688 687)
4(674 675 682 681)
4(681 682 689 688)
4(675 676 683 682)
4(682 683 690 689)
4(676 677 684 683)
4(683 684 691 690)
4(677 678 685 684)
4(684 685 692 691)
4(14 35 36 15)
4(35 56 57 36)
4(56 77 78 57)
4(77 98 99 78)
4(98 119 120 99)
4(119 140 141 120)
4(140 161 162 141)
4(161 182 183 162)
4(182 203 204 183)
4(203 224 225 204)
4(224 245 246 225)
4(245 266 267 246)
4(266 287 288 267)
4(287 308 309 288)
4(308 329 330 309)
4(329 350 351 330)
4(350 371 372 351)
4(371 392 393 372)
4(392 413 414 393)
4(413 434 435 414)
4(434 455 456 435)
4(455 476 477 456)
4(476 497 498 477)
4(497 518 519 498)
4(518 539 540 519)
4(539 560 561 540)
4(560 581 582 561)
4(581 602 603 582)
4(602 623 624 603)
4(623 644 645 624)
4(644 665 666 645)
4(665 686 687 666)
4(15 36 37 16)
4(36 57 58 37)
4(57 78 79 58)
4(78 99 100 79)
4(99 120 121 100)
4(120 141 142 121)
4(141 162 163 142)
4(162 183 184 163)
4(183 204 205 184)
4(204 225 226 205)
4(225 246 247 226)
4(246 267 268 247)
4(267 288 289 268)
4(288 309 310 289)
4(309 330 331 310)
4(330 351 352 331)
4(351 372 373 352)
4(372 393 394 373)
4(393 414 415 394)
4(414 435 436 415)
4(435 456 457 436)
4(456 477 478 457)
4(477 498 499 478)
4(498 519 520 499)
4(519 540 541 520)
4(540 561 562 541)
4(561 582 583 562)
4(582 603 604 583)
4(603 624 625 604)
4(624 645 646 625)
4(645 666 667 646)
4(666 687 688 667)
4(16 37 38 17)
4(37 58 59 38)
4(58 79 80 59)
4(79 100 101 80)
4(100 121 122 101)
4(121 142 143 122)
4(142 163 164 143)
4(163 184 185 164)
4(184 205 206 185)
4(205 226 227 206)
4(226 247 248 227)
4(247 268 269 248)
4(268 289 290 269)
4(289 310 311 290)
4(310 331 332 311)
4(331 352 353 332)
4(352 373 374 353)
4(373 394 395 374)
4(394 415 416 395)
4(415 436 437 416)
4(436 457 458 437)
4(457 478 479 458)
4(478 499 500 479)
4(499 520 521 500)
4(520 541 542 521)
4(541 562 563 542)
4(562 583 584 563)
4(583 604 605 584)
4(604 625 626 605)
4(625 646 647 626)
4(646 667 668 647)
4(667 688 689 668)
4(17 38 39 18)
4(38 59 60 39)
4(59 80 81 60)
4(80 101 102 81)
4(101 122 123 102)
4(122 143 144 123)
4(143 164 165 144)
4(164 185 186 165)
4(185 206 207 186)
4(206 227 228 207)
4(227 248 249 228)
4(248 269 270 249)
4(269 290 291 270)
4(290 311 312 291)
4(311 332 333 312)
4(332 353 354 333)
4(353 374 375 354)
4(374 395 396 375)
4(395 416 417 396)
4(416 437 438 417)
4(437 458 459 438)
4(458 479 480 459)
4(479 500 501 480)
4(500 521 522 501)
4(521 542 543 522)
4(542 563 564 543)
4(563 584 585 564)
4(584 605 606 585)
4(605 626 627 606)
4(626 647 648 627)
4(647 668 669 648)
4(668 689 690 669)
4(18 39 40 19)
4(39 60 61 40)
4(60 81 82 61)
4(81 102 103 82)
4(102 123 124 103)
4(123 144 145 124)
4(144 165 166 145)
4(165 186 187 166)
4(186 207 208 187)
4(207 228 229 208)
4(228 249 250 229)
4(249 270 271 250)
4(270 291 292 271)
4(291 312 313 292)
4(312 333 334 313)
4(333 354 355 334)
4(354 375 376 355)
4(375 396 397 376)
4(396 417 418 397)
4(417 438 439 418)
4(438 459 460 439)
4(459 480 481 460)
4(480 501 502 481)
4(501 522 523 502)
4(522 543 544 523)
4(543 564 565 544)
4(564 585 586 565)
4(585 606 607 586)
4(606 627 628 607)
4(627 648 649 628)
4(648 669 670 649)
4(669 690 691 670)
4(19 40 41 20)
4(40 61 62 41)
4(61 82 83 62)
4(82 103 104 83)
4(103 124 125 104)
4(124 145 146 125)
4(145 166 167 146)
4(166 187 188 167)
4(187 208 209 188)
4(208 229 230 209)
4(229 250 251 230)
4(250 271 272 251)
4(271 292 293 272)
4(292 313 314 293)
4(313 334 335 314)
4(334 355 356 335)
4(355 376 377 356)
4(376 397 398 377)
4(397 418 419 398)
4(418 439 440 419)
4(439 460 461 440)
4(460 481 482 461)
4(481 502 503 482)
4(502 523 524 503)
4(523 544 545 524)
4(544 565 566 545)
4(565 586 587 566)
4(586 607 608 587)
4(607 628 629 608)
4(628 649 650 629)
4(649 670 671 650)
4(670 691 692 671)
4(0 1 22 21)
4(21 22 43 42)
4(42 43 64 63)
4(63 64 85 84)
4(84 85 106 105)
4(105 106 127 126)
4(126 127 148 147)
4(147 148 169 168)
4(168 169 190 189)
4(189 190 211 210)
4(210 211 232 231)
4(231 232 253 252)
4(252 253 274 273)
4(273 274 295 294)
4(294 295 316 315)
4(315 316 337 336)
4(336 337 358 357)
4(357 358 379 378)
4(378 379 400 399)
4(399 400 421 420)
4(420 421 442 441)
4(441 442 463 462)
4(462 463 484 483)
4(483 484 505 504)
4(504 505 526 525)
4(525 526 547 546)
4(546 547 568 567)
4(567 568 589 588)
4(588 589 610 609)
4(609 610 631 630)
4(630 631 652 651)
4(651 652 673 672)
4(1 2 23 22)
4(22 23 44 43)
4(43 44 65 64)
4(64 65 86 85)
4(85 86 107 106)
4(106 107 128 127)
4(127 128 149 148)
4(148 149 170 169)
4(169 170 191 190)
4(190 191 212 211)
4(211 212 233 232)
4(232 233 254 253)
4(253 254 275 274)
4(274 275 296 295)
4(295 296 317 316)
4(316 317 338 337)
4(337 338 359 358)
4(358 359 380 379)
4(379 380 401 400)
4(400 401 422 421)
4(421 422 443 442)
4(442 443 464 463)
4(463 464 485 484)
4(484 485 506 505)
4(505 506 527 526)
4(526 527 548 547)
4(547 548 569 568)
4(568 569 590 589)
4(589 590 611 610)
4(610 611 632 631)
4(631 632 653 652)
4(652 653 674 673)
4(2 3 24 23)
4(23 24 45 44)
4(44 45 66 65)
4(65 66 87 86)
4(86 87 108 107)
4(107 108 129 128)
4(128 129 150 149)
4(149 150 171 170)
4(170 171 192 191)
4(191 192 213 212)
4(212 213 234 233)
4(233 234 255 254)
4(254 255 276 275)
4(275 276 297 296)
4(296 297 318 317)
4(317 318 339 338)
4(338 339 360 359)
4(359 360 381 380)
4(380 381 402 401)
4(401 402 423 422)
4(422 423 444 443)
4(443 444 465 464)
4(464 465 486 485)
4(485 486 507 506)
4(506 507 528 527)
4(527 528 549 548)
4(548 549 570 569)
4(569 570 591 590)
4(590 591 612 611)
4(611 612 633 632)
4(632 633 654 653)
4(653 654 675 674)
4(3 4 25 24)
4(24 25 46 45)
4(45 46 67 66)
4(66 67 88 87)
4(87 88 109 108)
4(108 109 130 129)
4(129 130 151 150)
4(150 151 172 171)
4(171 172 193 192)
4(192 193 214 213)
4(213 214 235 234)
4(234 235 256 255)
4(255 256 277 276)
4(276 277 298 297)
4(297 298 319 318)
4(318 319 340 339)
4(339 340 361 360)
4(360 361 382 381)
4(381 382 403 402)
4(402 403 424 423)
4(423 424 445 444)
4(444 445 466 465)
4(465 466 487 486)
4(486 487 508 507)
4(507 508 529 528)
4(528 529 550 549)
4(549 550 571 570)
4(570 571 592 591)
4(591 592 613 612)
4(612 613 634 633)
4(633 634 655 654)
4(654 655 676 675)
4(4 5 26 25)
4(25 26 47 46)
4(46 47 68 67)
4(67 68 89 88)
4(88 89 110 109)
4(109 110 131 130)
4(130 131 152 151)
4(151 152 173 172)
4(172 173 194 193)
4(193 194 215 214)
4(214 215 236 235)
4(235 236 257 256)
4(256 257 278 277)
4(277 278 299 298)
4(298 299 320 319)
4(319 320 341 340)
4(340 341 362 361)
4(361 362 383 382)
4(382 383 404 403)
4(403 404 425 424)
4(424 425 446 445)
4(445 446 467 466)
4(466 467 488 487)
4(487 488 509 508)
4(508 509 530 529)
4(529 530 551 550)
4(550 551 572 571)
4(571 572 593 592)
4(592 593 614 613)
4(613 614 635 634)
4(634 635 656 655)
4(655 656 677 676)
4(5 6 27 26)
4(26 27 48 47)
4(47 48 69 68)
4(68 69 90 89)
4(89 90 111 110)
4(110 111 132 131)
4(131 132 153 152)
4(152 153 174 173)
4(173 174 195 194)
4(194 195 216 215)
4(215 216 237 236)
4(236 237 258 257)
4(257 258 279 278)
4(278 279 300 299)
4(299 300 321 320)
4(320 321 342 341)
4(341 342 363 362)
4(362 363 384 383)
4(383 384 405 404)
4(404 405 426 425)
4(425 426 447 446)
4(446 447 468 467)
4(467 468 489 488)
4(488 489 510 509)
4(509 510 531 530)
4(530 531 552 551)
4(551 552 573 572)
4(572 573 594 593)
4(593 594 615 614)
4(614 615 636 635)
4(635 636 657 656)
4(656 657 678 677)
4(0 21 28 7)
4(7 28 35 14)
4(21 42 49 28)
4(28 49 56 35)
4(42 63 70 49)
4(49 70 77 56)
4(63 84 91 70)
4(70 91 98 77)
4(84 105 112 91)
4(91 112 119 98)
4(105 126 133 112)
4(112 133 140 119)
4(126 147 154 133)
4(133 154 161 140)
4(147 168 175 154)
4(154 175 182 161)
4(168 189 196 175)
4(175 196 203 182)
4(189 210 217 196)
4(196 217 224 203)
4(210 231 238 217)
4(217 238 245 224)
4(231 252 259 238)
4(238 259 266 245)
4(252 273 280 259)
4(259 280 287 266)
4(273 294 301 280)
4(280 301 308 287)
4(294 315 322 301)
4(301 322 329 308)
4(315 336 343 322)
4(322 343 350 329)
4(336 357 364 343)
4(343 364 371 350)
4(357 378 385 364)
4(364 385 392 371)
4(378 399 406 385)
4(385 406 413 392)
4(399 420 427 406)
4(406 427 434 413)
4(420 441 448 427)
4(427 448 455 434)
4(441 462 469 448)
4(448 469 476 455)
4(462 483 490 469)
4(469 490 497 476)
4(483 504 511 490)
4(490 511 518 497)
4(504 525 532 511)
4(511 532 539 518)
4(525 546 553 532)
4(532 553 560 539)
4(546 567 574 553)
4(553 574 581 560)
4(567 588 595 574)
4(574 595 602 581)
4(588 609 616 595)
4(595 616 623 602)
4(609 630 637 616)
4(616 637 644 623)
4(630 651 658 637)
4(637 658 665 644)
4(651 672 679 658)
4(658 679 686 665)
4(6 13 34 27)
4(13 20 41 34)
4(27 34 55 48)
4(34 41 62 55)
4(48 55 76 69)
4(55 62 83 76)
4(69 76 97 90)
4(76 83 104 97)
4(90 97 118 111)
4(97 104 125 118)
4(111 118 139 132)
4(118 125 146 139)
4(132 139 160 153)
4(139 146 167 160)
4(153 160 181 174)
4(160 167 188 181)
4(174 181 202 195)
4(181 188 209 202)
4(195 202 223 216)
4(202 209 230 223)
4(216 223 244 237)
4(223 230 251 244)
4(237 244 265 258)
4(244 251 272 265)
4(258 265 286 279)
4(265 272 293 286)
4(279 286 307 300)
4(286 293 314 307)
4(300 307 328 321)
4(307 314 335 328)
4(321 328 349 342)
4(328 335 356 349)
4(342 349 370 363)
4(349 356 377 370)
4(363 370 391 384)
4(370 377 398 391)
4(384 391 412 405)
4(391 398 419 412)
4(405 412 433 426)
4(412 419 440 433)
4(426 433 454 447)
4(433 440 461 454)
4(447 454 475 468)
4(454 461 482 475)
4(468 475 496 489)
4(475 482 503 496)
4(489 496 517 510)
4(496 503 524 517)
4(510 517 538 531)
4(517 524 545 538)
4(531 538 559 552)
4(538 545 566 559)
4(552 559 580 573)
4(559 566 587 580)
4(573 580 601 594)
4(580 587 608 601)
4(594 601 622 615)
4(601 608 629 622)
4(615 622 643 636)
4(622 629 650 643)
4(636 643 664 657)
4(643 650 671 664)
4(657 664 685 678)
4(664 671 692 685)
)


// ************************************************************************* //
