/*--------------------------------*- C++ -*----------------------------------*\
| =========                 |                                                 |
| \\      /  F ield         | OpenFOAM: The Open Source CFD Toolbox           |
|  \\    /   O peration     | Version:  2412                                  |
|   \\  /    A nd           | Website:  www.openfoam.com                      |
|    \\/     M anipulation  |                                                 |
\*---------------------------------------------------------------------------*/
FoamFile
{
    version     2.0;
    format      ascii;
    arch        "LSB;label=32;scalar=64";
    note        "nPoints:693  nCells:384  nFaces:1420  nInternalFaces:884";
    class       labelList;
    location    "constant/polyMesh";
    object      neighbour;
}
// * * * * * * * * * * * * * * * * * * * * * * * * * * * * * * * * * * * * * //


884
(
1
6
12
2
7
13
3
8
14
4
9
15
5
10
16
11
17
7
18
8
19
9
20
10
21
11
22
23
13
18
24
14
19
25
15
20
26
16
21
27
17
22
28
23
29
19
30
20
31
21
32
22
33
23
34
35
25
30
36
26
31
37
27
32
38
28
33
39
29
34
40
35
41
31
42
32
43
33
44
34
45
35
46
47
37
42
48
38
43
49
39
44
50
40
45
51
41
46
52
47
53
43
54
44
55
45
56
46
57
47
58
59
49
54
60
50
55
61
51
56
62
52
57
63
53
58
64
59
65
55
66
56
67
57
68
58
69
59
70
71
61
66
72
62
67
73
63
68
74
64
69
75
65
70
76
71
77
67
78
68
79
69
80
70
81
71
82
83
73
78
84
74
79
85
75
80
86
76
81
87
77
82
88
83
89
79
90
80
91
81
92
82
93
83
94
95
85
90
96
86
91
97
87
92
98
88
93
99
89
94
100
95
101
91
102
92
103
93
104
94
105
95
106
107
97
102
108
98
103
109
99
104
110
100
105
111
101
106
112
107
113
103
114
104
115
105
116
106
117
107
118
119
109
114
120
110
115
121
111
116
122
112
117
123
113
118
124
119
125
115
126
116
127
117
128
118
129
119
130
131
121
126
132
122
127
133
123
128
134
124
129
135
125
130
136
131
137
127
138
128
139
129
140
130
141
131
142
143
133
138
144
134
139
145
135
140
146
136
141
147
137
142
148
143
149
139
150
140
151
141
152
142
153
143
154
155
145
150
156
146
151
157
147
152
158
148
153
159
149
154
160
155
161
151
162
152
163
153
164
154
165
155
166
167
157
162
168
158
163
169
159
164
170
160
165
171
161
166
172
167
173
163
174
164
175
165
176
166
177
167
178
179
169
174
180
170
175
181
171
176
182
172
177
183
173
178
184
179
185
175
186
176
187
177
188
178
189
179
190
191
181
186
192
182
187
193
183
188
194
184
189
195
185
190
196
191
197
187
198
188
199
189
200
190
201
191
202
203
193
198
204
194
199
205
195
200
206
196
201
207
197
202
208
203
209
199
210
200
211
201
212
202
213
203
214
215
205
210
216
206
211
217
207
212
218
208
213
219
209
214
220
215
221
211
222
212
223
213
224
214
225
215
226
227
217
222
228
218
223
229
219
224
230
220
225
231
221
226
232
227
233
223
234
224
235
225
236
226
237
227
238
239
229
234
240
230
235
241
231
236
242
232
237
243
233
238
244
239
245
235
246
236
247
237
248
238
249
239
250
251
241
246
252
242
247
253
243
248
254
244
249
255
245
250
256
251
257
247
258
248
259
249
260
250
261
251
262
263
253
258
264
254
259
265
255
260
266
256
261
267
257
262
268
263
269
259
270
260
271
261
272
262
273
263
274
275
265
270
276
266
271
277
267
272
278
268
273
279
269
274
280
275
281
271
282
272
283
273
284
274
285
275
286
287
277
282
288
278
283
289
279
284
290
280
285
291
281
286
292
287
293
283
294
284
295
285
296
286
297
287
298
299
289
294
300
290
295
301
291
296
302
292
297
303
293
298
304
299
305
295
306
296
307
297
308
298
309
299
310
311
301
306
312
302
307
313
303
308
314
304
309
315
305
310
316
311
317
307
318
308
319
309
320
310
321
311
322
323
313
318
324
314
319
325
315
320
326
316
321
327
317
322
328
323
329
319
330
320
331
321
332
322
333
323
334
335
325
330
336
326
331
337
327
332
338
328
333
339
329
334
340
335
341
331
342
332
343
333
344
334
345
335
346
347
337
342
348
338
343
349
339
344
350
340
345
351
341
346
352
347
353
343
354
344
355
345
356
346
357
347
358
359
349
354
360
350
355
361
351
356
362
352
357
363
353
358
364
359
365
355
366
356
367
357
368
358
369
359
370
371
361
366
372
362
367
373
363
368
374
364
369
375
365
370
376
371
377
367
378
368
379
369
380
370
381
371
382
383
373
378
374
379
375
380
376
381
377
382
383
379
380
381
382
383
)


// ************************************************************************* //
