/*--------------------------------*- C++ -*----------------------------------*\
| =========                 |                                                 |
| \\      /  F ield         | OpenFOAM: The Open Source CFD Toolbox           |
|  \\    /   O peration     | Version:  2412                                  |
|   \\  /    A nd           | Website:  www.openfoam.com                      |
|    \\/     M anipulation  |                                                 |
\*---------------------------------------------------------------------------*/
FoamFile
{
    version     2.0;
    format      ascii;
    arch        "LSB;label=32;scalar=64";
    note        "nPoints:693  nCells:384  nFaces:1420  nInternalFaces:884";
    class       labelList;
    location    "constant/polyMesh";
    object      owner;
}
// * * * * * * * * * * * * * * * * * * * * * * * * * * * * * * * * * * * * * //


1420
(
0
0
0
1
1
1
2
2
2
3
3
3
4
4
4
5
5
6
6
7
7
8
8
9
9
10
10
11
12
12
12
13
13
13
14
14
14
15
15
15
16
16
16
17
17
18
18
19
19
20
20
21
21
22
22
23
24
24
24
25
25
25
26
26
26
27
27
27
28
28
28
29
29
30
30
31
31
32
32
33
33
34
34
35
36
36
36
37
37
37
38
38
38
39
39
39
40
40
40
41
41
42
42
43
43
44
44
45
45
46
46
47
48
48
48
49
49
49
50
50
50
51
51
51
52
52
52
53
53
54
54
55
55
56
56
57
57
58
58
59
60
60
60
61
61
61
62
62
62
63
63
63
64
64
64
65
65
66
66
67
67
68
68
69
69
70
70
71
72
72
72
73
73
73
74
74
74
75
75
75
76
76
76
77
77
78
78
79
79
80
80
81
81
82
82
83
84
84
84
85
85
85
86
86
86
87
87
87
88
88
88
89
89
90
90
91
91
92
92
93
93
94
94
95
96
96
96
97
97
97
98
98
98
99
99
99
100
100
100
101
101
102
102
103
103
104
104
105
105
106
106
107
108
108
108
109
109
109
110
110
110
111
111
111
112
112
112
113
113
114
114
115
115
116
116
117
117
118
118
119
120
120
120
121
121
121
122
122
122
123
123
123
124
124
124
125
125
126
126
127
127
128
128
129
129
130
130
131
132
132
132
133
133
133
134
134
134
135
135
135
136
136
136
137
137
138
138
139
139
140
140
141
141
142
142
143
144
144
144
145
145
145
146
146
146
147
147
147
148
148
148
149
149
150
150
151
151
152
152
153
153
154
154
155
156
156
156
157
157
157
158
158
158
159
159
159
160
160
160
161
161
162
162
163
163
164
164
165
165
166
166
167
168
168
168
169
169
169
170
170
170
171
171
171
172
172
172
173
173
174
174
175
175
176
176
177
177
178
178
179
180
180
180
181
181
181
182
182
182
183
183
183
184
184
184
185
185
186
186
187
187
188
188
189
189
190
190
191
192
192
192
193
193
193
194
194
194
195
195
195
196
196
196
197
197
198
198
199
199
200
200
201
201
202
202
203
204
204
204
205
205
205
206
206
206
207
207
207
208
208
208
209
209
210
210
211
211
212
212
213
213
214
214
215
216
216
216
217
217
217
218
218
218
219
219
219
220
220
220
221
221
222
222
223
223
224
224
225
225
226
226
227
228
228
228
229
229
229
230
230
230
231
231
231
232
232
232
233
233
234
234
235
235
236
236
237
237
238
238
239
240
240
240
241
241
241
242
242
242
243
243
243
244
244
244
245
245
246
246
247
247
248
248
249
249
250
250
251
252
252
252
253
253
253
254
254
254
255
255
255
256
256
256
257
257
258
258
259
259
260
260
261
261
262
262
263
264
264
264
265
265
265
266
266
266
267
267
267
268
268
268
269
269
270
270
271
271
272
272
273
273
274
274
275
276
276
276
277
277
277
278
278
278
279
279
279
280
280
280
281
281
282
282
283
283
284
284
285
285
286
286
287
288
288
288
289
289
289
290
290
290
291
291
291
292
292
292
293
293
294
294
295
295
296
296
297
297
298
298
299
300
300
300
301
301
301
302
302
302
303
303
303
304
304
304
305
305
306
306
307
307
308
308
309
309
310
310
311
312
312
312
313
313
313
314
314
314
315
315
315
316
316
316
317
317
318
318
319
319
320
320
321
321
322
322
323
324
324
324
325
325
325
326
326
326
327
327
327
328
328
328
329
329
330
330
331
331
332
332
333
333
334
334
335
336
336
336
337
337
337
338
338
338
339
339
339
340
340
340
341
341
342
342
343
343
344
344
345
345
346
346
347
348
348
348
349
349
349
350
350
350
351
351
351
352
352
352
353
353
354
354
355
355
356
356
357
357
358
358
359
360
360
360
361
361
361
362
362
362
363
363
363
364
364
364
365
365
366
366
367
367
368
368
369
369
370
370
371
372
372
373
373
374
374
375
375
376
376
377
378
379
380
381
382
0
6
1
7
2
8
3
9
4
10
5
11
372
378
373
379
374
380
375
381
376
382
377
383
6
18
30
42
54
66
78
90
102
114
126
138
150
162
174
186
198
210
222
234
246
258
270
282
294
306
318
330
342
354
366
378
7
19
31
43
55
67
79
91
103
115
127
139
151
163
175
187
199
211
223
235
247
259
271
283
295
307
319
331
343
355
367
379
8
20
32
44
56
68
80
92
104
116
128
140
152
164
176
188
200
212
224
236
248
260
272
284
296
308
320
332
344
356
368
380
9
21
33
45
57
69
81
93
105
117
129
141
153
165
177
189
201
213
225
237
249
261
273
285
297
309
321
333
345
357
369
381
10
22
34
46
58
70
82
94
106
118
130
142
154
166
178
190
202
214
226
238
250
262
274
286
298
310
322
334
346
358
370
382
11
23
35
47
59
71
83
95
107
119
131
143
155
167
179
191
203
215
227
239
251
263
275
287
299
311
323
335
347
359
371
383
0
12
24
36
48
60
72
84
96
108
120
132
144
156
168
180
192
204
216
228
240
252
264
276
288
300
312
324
336
348
360
372
1
13
25
37
49
61
73
85
97
109
121
133
145
157
169
181
193
205
217
229
241
253
265
277
289
301
313
325
337
349
361
373
2
14
26
38
50
62
74
86
98
110
122
134
146
158
170
182
194
206
218
230
242
254
266
278
290
302
314
326
338
350
362
374
3
15
27
39
51
63
75
87
99
111
123
135
147
159
171
183
195
207
219
231
243
255
267
279
291
303
315
327
339
351
363
375
4
16
28
40
52
64
76
88
100
112
124
136
148
160
172
184
196
208
220
232
244
256
268
280
292
304
316
328
340
352
364
376
5
17
29
41
53
65
77
89
101
113
125
137
149
161
173
185
197
209
221
233
245
257
269
281
293
305
317
329
341
353
365
377
0
6
12
18
24
30
36
42
48
54
60
66
72
78
84
90
96
102
108
114
120
126
132
138
144
150
156
162
168
174
180
186
192
198
204
210
216
222
228
234
240
246
252
258
264
270
276
282
288
294
300
306
312
318
324
330
336
342
348
354
360
366
372
378
5
11
17
23
29
35
41
47
53
59
65
71
77
83
89
95
101
107
113
119
125
131
137
143
149
155
161
167
173
179
185
191
197
203
209
215
221
227
233
239
245
251
257
263
269
275
281
287
293
299
305
311
317
323
329
335
341
347
353
359
365
371
377
383
)


// ************************************************************************* //
