/*--------------------------------*- C++ -*----------------------------------*\
| =========                 |                                                 |
| \\      /  F ield         | OpenFOAM: The Open Source CFD Toolbox           |
|  \\    /   O peration     | Version:  2412                                  |
|   \\  /    A nd           | Website:  www.openfoam.com                      |
|    \\/     M anipulation  |                                                 |
\*---------------------------------------------------------------------------*/
FoamFile
{
    version     2.0;
    format      ascii;
    arch        "LSB;label=32;scalar=64";
    class       vectorField;
    location    "constant/polyMesh";
    object      points;
}
// * * * * * * * * * * * * * * * * * * * * * * * * * * * * * * * * * * * * * //


693
(
(0 0.001 0)
(0.0002588190451 0.0009659258263 0)
(0.0005 0.0008660254038 0)
(0.0007071067812 0.0007071067812 0)
(0.0008660254038 0.0005 0)
(0.0009659258263 0.0002588190451 0)
(0.001 0 0)
(0 0.0025 0)
(0.0006470476128 0.002414814566 0)
(0.00125 0.002165063509 0)
(0.001767766953 0.001767766953 0)
(0.002165063509 0.00125 0)
(0.002414814566 0.0006470476128 0)
(0.0025 0 0)
(0 0.004 0)
(0.00103527618 0.003863703305 0)
(0.002 0.003464101615 0)
(0.002828427125 0.002828427125 0)
(0.003464101615 0.002 0)
(0.003863703305 0.00103527618 0)
(0.004 0 0)
(0 0.001 0.0015625)
(0.0002588190451 0.0009659258263 0.0015625)
(0.0005 0.0008660254038 0.0015625)
(0.0007071067812 0.0007071067812 0.0015625)
(0.0008660254038 0.0005 0.0015625)
(0.0009659258263 0.0002588190451 0.0015625)
(0.001 0 0.0015625)
(0 0.0025 0.0015625)
(0.0006470476128 0.002414814566 0.0015625)
(0.00125 0.002165063509 0.0015625)
(0.001767766953 0.001767766953 0.0015625)
(0.002165063509 0.00125 0.0015625)
(0.002414814566 0.0006470476128 0.0015625)
(0.0025 0 0.0015625)
(0 0.004 0.0015625)
(0.00103527618 0.003863703305 0.0015625)
(0.002 0.003464101615 0.0015625)
(0.002828427125 0.002828427125 0.0015625)
(0.003464101615 0.002 0.0015625)
(0.003863703305 0.00103527618 0.0015625)
(0.004 0 0.0015625)
(0 0.001 0.003125)
(0.0002588190451 0.0009659258263 0.003125)
(0.0005 0.0008660254038 0.003125)
(0.0007071067812 0.0007071067812 0.003125)
(0.0008660254038 0.0005 0.003125)
(0.0009659258263 0.0002588190451 0.003125)
(0.001 0 0.003125)
(0 0.0025 0.003125)
(0.0006470476128 0.002414814566 0.003125)
(0.00125 0.002165063509 0.003125)
(0.001767766953 0.001767766953 0.003125)
(0.002165063509 0.00125 0.003125)
(0.002414814566 0.0006470476128 0.003125)
(0.0025 0 0.003125)
(0 0.004 0.003125)
(0.00103527618 0.003863703305 0.003125)
(0.002 0.003464101615 0.003125)
(0.002828427125 0.002828427125 0.003125)
(0.003464101615 0.002 0.003125)
(0.003863703305 0.00103527618 0.003125)
(0.004 0 0.003125)
(0 0.001 0.0046875)
(0.0002588190451 0.0009659258263 0.0046875)
(0.0005 0.0008660254038 0.0046875)
(0.0007071067812 0.0007071067812 0.0046875)
(0.0008660254038 0.0005 0.0046875)
(0.0009659258263 0.0002588190451 0.0046875)
(0.001 0 0.0046875)
(0 0.0025 0.0046875)
(0.0006470476128 0.002414814566 0.0046875)
(0.00125 0.002165063509 0.0046875)
(0.001767766953 0.001767766953 0.0046875)
(0.002165063509 0.00125 0.0046875)
(0.002414814566 0.0006470476128 0.0046875)
(0.0025 0 0.0046875)
(0 0.004 0.0046875)
(0.00103527618 0.003863703305 0.0046875)
(0.002 0.003464101615 0.0046875)
(0.002828427125 0.002828427125 0.0046875)
(0.003464101615 0.002 0.0046875)
(0.003863703305 0.00103527618 0.0046875)
(0.004 0 0.0046875)
(0 0.001 0.00625)
(0.0002588190451 0.0009659258263 0.00625)
(0.0005 0.0008660254038 0.00625)
(0.0007071067812 0.0007071067812 0.00625)
(0.0008660254038 0.0005 0.00625)
(0.0009659258263 0.0002588190451 0.00625)
(0.001 0 0.00625)
(0 0.0025 0.00625)
(0.0006470476128 0.002414814566 0.00625)
(0.00125 0.002165063509 0.00625)
(0.001767766953 0.001767766953 0.00625)
(0.002165063509 0.00125 0.00625)
(0.002414814566 0.0006470476128 0.00625)
(0.0025 0 0.00625)
(0 0.004 0.00625)
(0.00103527618 0.003863703305 0.00625)
(0.002 0.003464101615 0.00625)
(0.002828427125 0.002828427125 0.00625)
(0.003464101615 0.002 0.00625)
(0.003863703305 0.00103527618 0.00625)
(0.004 0 0.00625)
(0 0.001 0.0078125)
(0.0002588190451 0.0009659258263 0.0078125)
(0.0005 0.0008660254038 0.0078125)
(0.0007071067812 0.0007071067812 0.0078125)
(0.0008660254038 0.0005 0.0078125)
(0.0009659258263 0.0002588190451 0.0078125)
(0.001 0 0.0078125)
(0 0.0025 0.0078125)
(0.0006470476128 0.002414814566 0.0078125)
(0.00125 0.002165063509 0.0078125)
(0.001767766953 0.001767766953 0.0078125)
(0.002165063509 0.00125 0.0078125)
(0.002414814566 0.0006470476128 0.0078125)
(0.0025 0 0.0078125)
(0 0.004 0.0078125)
(0.00103527618 0.003863703305 0.0078125)
(0.002 0.003464101615 0.0078125)
(0.002828427125 0.002828427125 0.0078125)
(0.003464101615 0.002 0.0078125)
(0.003863703305 0.00103527618 0.0078125)
(0.004 0 0.0078125)
(0 0.001 0.009375)
(0.0002588190451 0.0009659258263 0.009375)
(0.0005 0.0008660254038 0.009375)
(0.0007071067812 0.0007071067812 0.009375)
(0.0008660254038 0.0005 0.009375)
(0.0009659258263 0.0002588190451 0.009375)
(0.001 0 0.009375)
(0 0.0025 0.009375)
(0.0006470476128 0.002414814566 0.009375)
(0.00125 0.002165063509 0.009375)
(0.001767766953 0.001767766953 0.009375)
(0.002165063509 0.00125 0.009375)
(0.002414814566 0.0006470476128 0.009375)
(0.0025 0 0.009375)
(0 0.004 0.009375)
(0.00103527618 0.003863703305 0.009375)
(0.002 0.003464101615 0.009375)
(0.002828427125 0.002828427125 0.009375)
(0.003464101615 0.002 0.009375)
(0.003863703305 0.00103527618 0.009375)
(0.004 0 0.009375)
(0 0.001 0.0109375)
(0.0002588190451 0.0009659258263 0.0109375)
(0.0005 0.0008660254038 0.0109375)
(0.0007071067812 0.0007071067812 0.0109375)
(0.0008660254038 0.0005 0.0109375)
(0.0009659258263 0.0002588190451 0.0109375)
(0.001 0 0.0109375)
(0 0.0025 0.0109375)
(0.0006470476128 0.002414814566 0.0109375)
(0.00125 0.002165063509 0.0109375)
(0.001767766953 0.001767766953 0.0109375)
(0.002165063509 0.00125 0.0109375)
(0.002414814566 0.0006470476128 0.0109375)
(0.0025 0 0.0109375)
(0 0.004 0.0109375)
(0.00103527618 0.003863703305 0.0109375)
(0.002 0.003464101615 0.0109375)
(0.002828427125 0.002828427125 0.0109375)
(0.003464101615 0.002 0.0109375)
(0.003863703305 0.00103527618 0.0109375)
(0.004 0 0.0109375)
(0 0.001 0.0125)
(0.0002588190451 0.0009659258263 0.0125)
(0.0005 0.0008660254038 0.0125)
(0.0007071067812 0.0007071067812 0.0125)
(0.0008660254038 0.0005 0.0125)
(0.0009659258263 0.0002588190451 0.0125)
(0.001 0 0.0125)
(0 0.0025 0.0125)
(0.0006470476128 0.002414814566 0.0125)
(0.00125 0.002165063509 0.0125)
(0.001767766953 0.001767766953 0.0125)
(0.002165063509 0.00125 0.0125)
(0.002414814566 0.0006470476128 0.0125)
(0.0025 0 0.0125)
(0 0.004 0.0125)
(0.00103527618 0.003863703305 0.0125)
(0.002 0.003464101615 0.0125)
(0.002828427125 0.002828427125 0.0125)
(0.003464101615 0.002 0.0125)
(0.003863703305 0.00103527618 0.0125)
(0.004 0 0.0125)
(0 0.001 0.0140625)
(0.0002588190451 0.0009659258263 0.0140625)
(0.0005 0.0008660254038 0.0140625)
(0.0007071067812 0.0007071067812 0.0140625)
(0.0008660254038 0.0005 0.0140625)
(0.0009659258263 0.0002588190451 0.0140625)
(0.001 0 0.0140625)
(0 0.0025 0.0140625)
(0.0006470476128 0.002414814566 0.0140625)
(0.00125 0.002165063509 0.0140625)
(0.001767766953 0.001767766953 0.0140625)
(0.002165063509 0.00125 0.0140625)
(0.002414814566 0.0006470476128 0.0140625)
(0.0025 0 0.0140625)
(0 0.004 0.0140625)
(0.00103527618 0.003863703305 0.0140625)
(0.002 0.003464101615 0.0140625)
(0.002828427125 0.002828427125 0.0140625)
(0.003464101615 0.002 0.0140625)
(0.003863703305 0.00103527618 0.0140625)
(0.004 0 0.0140625)
(0 0.001 0.015625)
(0.0002588190451 0.0009659258263 0.015625)
(0.0005 0.0008660254038 0.015625)
(0.0007071067812 0.0007071067812 0.015625)
(0.0008660254038 0.0005 0.015625)
(0.0009659258263 0.0002588190451 0.015625)
(0.001 0 0.015625)
(0 0.0025 0.015625)
(0.0006470476128 0.002414814566 0.015625)
(0.00125 0.002165063509 0.015625)
(0.001767766953 0.001767766953 0.015625)
(0.002165063509 0.00125 0.015625)
(0.002414814566 0.0006470476128 0.015625)
(0.0025 0 0.015625)
(0 0.004 0.015625)
(0.00103527618 0.003863703305 0.015625)
(0.002 0.003464101615 0.015625)
(0.002828427125 0.002828427125 0.015625)
(0.003464101615 0.002 0.015625)
(0.003863703305 0.00103527618 0.015625)
(0.004 0 0.015625)
(0 0.001 0.0171875)
(0.0002588190451 0.0009659258263 0.0171875)
(0.0005 0.0008660254038 0.0171875)
(0.0007071067812 0.0007071067812 0.0171875)
(0.0008660254038 0.0005 0.0171875)
(0.0009659258263 0.0002588190451 0.0171875)
(0.001 0 0.0171875)
(0 0.0025 0.0171875)
(0.0006470476128 0.002414814566 0.0171875)
(0.00125 0.002165063509 0.0171875)
(0.001767766953 0.001767766953 0.0171875)
(0.002165063509 0.00125 0.0171875)
(0.002414814566 0.0006470476128 0.0171875)
(0.0025 0 0.0171875)
(0 0.004 0.0171875)
(0.00103527618 0.003863703305 0.0171875)
(0.002 0.003464101615 0.0171875)
(0.002828427125 0.002828427125 0.0171875)
(0.003464101615 0.002 0.0171875)
(0.003863703305 0.00103527618 0.0171875)
(0.004 0 0.0171875)
(0 0.001 0.01875)
(0.0002588190451 0.0009659258263 0.01875)
(0.0005 0.0008660254038 0.01875)
(0.0007071067812 0.0007071067812 0.01875)
(0.0008660254038 0.0005 0.01875)
(0.0009659258263 0.0002588190451 0.01875)
(0.001 0 0.01875)
(0 0.0025 0.01875)
(0.0006470476128 0.002414814566 0.01875)
(0.00125 0.002165063509 0.01875)
(0.001767766953 0.001767766953 0.01875)
(0.002165063509 0.00125 0.01875)
(0.002414814566 0.0006470476128 0.01875)
(0.0025 0 0.01875)
(0 0.004 0.01875)
(0.00103527618 0.003863703305 0.01875)
(0.002 0.003464101615 0.01875)
(0.002828427125 0.002828427125 0.01875)
(0.003464101615 0.002 0.01875)
(0.003863703305 0.00103527618 0.01875)
(0.004 0 0.01875)
(0 0.001 0.0203125)
(0.0002588190451 0.0009659258263 0.0203125)
(0.0005 0.0008660254038 0.0203125)
(0.0007071067812 0.0007071067812 0.0203125)
(0.0008660254038 0.0005 0.0203125)
(0.0009659258263 0.0002588190451 0.0203125)
(0.001 0 0.0203125)
(0 0.0025 0.0203125)
(0.0006470476128 0.002414814566 0.0203125)
(0.00125 0.002165063509 0.0203125)
(0.001767766953 0.001767766953 0.0203125)
(0.002165063509 0.00125 0.0203125)
(0.002414814566 0.0006470476128 0.0203125)
(0.0025 0 0.0203125)
(0 0.004 0.0203125)
(0.00103527618 0.003863703305 0.0203125)
(0.002 0.003464101615 0.0203125)
(0.002828427125 0.002828427125 0.0203125)
(0.003464101615 0.002 0.0203125)
(0.003863703305 0.00103527618 0.0203125)
(0.004 0 0.0203125)
(0 0.001 0.021875)
(0.0002588190451 0.0009659258263 0.021875)
(0.0005 0.0008660254038 0.021875)
(0.0007071067812 0.0007071067812 0.021875)
(0.0008660254038 0.0005 0.021875)
(0.0009659258263 0.0002588190451 0.021875)
(0.001 0 0.021875)
(0 0.0025 0.021875)
(0.0006470476128 0.002414814566 0.021875)
(0.00125 0.002165063509 0.021875)
(0.001767766953 0.001767766953 0.021875)
(0.002165063509 0.00125 0.021875)
(0.002414814566 0.0006470476128 0.021875)
(0.0025 0 0.021875)
(0 0.004 0.021875)
(0.00103527618 0.003863703305 0.021875)
(0.002 0.003464101615 0.021875)
(0.002828427125 0.002828427125 0.021875)
(0.003464101615 0.002 0.021875)
(0.003863703305 0.00103527618 0.021875)
(0.004 0 0.021875)
(0 0.001 0.0234375)
(0.0002588190451 0.0009659258263 0.0234375)
(0.0005 0.0008660254038 0.0234375)
(0.0007071067812 0.0007071067812 0.0234375)
(0.0008660254038 0.0005 0.0234375)
(0.0009659258263 0.0002588190451 0.0234375)
(0.001 0 0.0234375)
(0 0.0025 0.0234375)
(0.0006470476128 0.002414814566 0.0234375)
(0.00125 0.002165063509 0.0234375)
(0.001767766953 0.001767766953 0.0234375)
(0.002165063509 0.00125 0.0234375)
(0.002414814566 0.0006470476128 0.0234375)
(0.0025 0 0.0234375)
(0 0.004 0.0234375)
(0.00103527618 0.003863703305 0.0234375)
(0.002 0.003464101615 0.0234375)
(0.002828427125 0.002828427125 0.0234375)
(0.003464101615 0.002 0.0234375)
(0.003863703305 0.00103527618 0.0234375)
(0.004 0 0.0234375)
(0 0.001 0.025)
(0.0002588190451 0.0009659258263 0.025)
(0.0005 0.0008660254038 0.025)
(0.0007071067812 0.0007071067812 0.025)
(0.0008660254038 0.0005 0.025)
(0.0009659258263 0.0002588190451 0.025)
(0.001 0 0.025)
(0 0.0025 0.025)
(0.0006470476128 0.002414814566 0.025)
(0.00125 0.002165063509 0.025)
(0.001767766953 0.001767766953 0.025)
(0.002165063509 0.00125 0.025)
(0.002414814566 0.0006470476128 0.025)
(0.0025 0 0.025)
(0 0.004 0.025)
(0.00103527618 0.003863703305 0.025)
(0.002 0.003464101615 0.025)
(0.002828427125 0.002828427125 0.025)
(0.003464101615 0.002 0.025)
(0.003863703305 0.00103527618 0.025)
(0.004 0 0.025)
(0 0.001 0.0265625)
(0.0002588190451 0.0009659258263 0.0265625)
(0.0005 0.0008660254038 0.0265625)
(0.0007071067812 0.0007071067812 0.0265625)
(0.0008660254038 0.0005 0.0265625)
(0.0009659258263 0.0002588190451 0.0265625)
(0.001 0 0.0265625)
(0 0.0025 0.0265625)
(0.0006470476128 0.002414814566 0.0265625)
(0.00125 0.002165063509 0.0265625)
(0.001767766953 0.001767766953 0.0265625)
(0.002165063509 0.00125 0.0265625)
(0.002414814566 0.0006470476128 0.0265625)
(0.0025 0 0.0265625)
(0 0.004 0.0265625)
(0.00103527618 0.003863703305 0.0265625)
(0.002 0.003464101615 0.0265625)
(0.002828427125 0.002828427125 0.0265625)
(0.003464101615 0.002 0.0265625)
(0.003863703305 0.00103527618 0.0265625)
(0.004 0 0.0265625)
(0 0.001 0.028125)
(0.0002588190451 0.0009659258263 0.028125)
(0.0005 0.0008660254038 0.028125)
(0.0007071067812 0.0007071067812 0.028125)
(0.0008660254038 0.0005 0.028125)
(0.0009659258263 0.0002588190451 0.028125)
(0.001 0 0.028125)
(0 0.0025 0.028125)
(0.0006470476128 0.002414814566 0.028125)
(0.00125 0.002165063509 0.028125)
(0.001767766953 0.001767766953 0.028125)
(0.002165063509 0.00125 0.028125)
(0.002414814566 0.0006470476128 0.028125)
(0.0025 0 0.028125)
(0 0.004 0.028125)
(0.00103527618 0.003863703305 0.028125)
(0.002 0.003464101615 0.028125)
(0.002828427125 0.002828427125 0.028125)
(0.003464101615 0.002 0.028125)
(0.003863703305 0.00103527618 0.028125)
(0.004 0 0.028125)
(0 0.001 0.0296875)
(0.0002588190451 0.0009659258263 0.0296875)
(0.0005 0.0008660254038 0.0296875)
(0.0007071067812 0.0007071067812 0.0296875)
(0.0008660254038 0.0005 0.0296875)
(0.0009659258263 0.0002588190451 0.0296875)
(0.001 0 0.0296875)
(0 0.0025 0.0296875)
(0.0006470476128 0.002414814566 0.0296875)
(0.00125 0.002165063509 0.0296875)
(0.001767766953 0.001767766953 0.0296875)
(0.002165063509 0.00125 0.0296875)
(0.002414814566 0.0006470476128 0.0296875)
(0.0025 0 0.0296875)
(0 0.004 0.0296875)
(0.00103527618 0.003863703305 0.0296875)
(0.002 0.003464101615 0.0296875)
(0.002828427125 0.002828427125 0.0296875)
(0.003464101615 0.002 0.0296875)
(0.003863703305 0.00103527618 0.0296875)
(0.004 0 0.0296875)
(0 0.001 0.03125)
(0.0002588190451 0.0009659258263 0.03125)
(0.0005 0.0008660254038 0.03125)
(0.0007071067812 0.0007071067812 0.03125)
(0.0008660254038 0.0005 0.03125)
(0.0009659258263 0.0002588190451 0.03125)
(0.001 0 0.03125)
(0 0.0025 0.03125)
(0.0006470476128 0.002414814566 0.03125)
(0.00125 0.002165063509 0.03125)
(0.001767766953 0.001767766953 0.03125)
(0.002165063509 0.00125 0.03125)
(0.002414814566 0.0006470476128 0.03125)
(0.0025 0 0.03125)
(0 0.004 0.03125)
(0.00103527618 0.003863703305 0.03125)
(0.002 0.003464101615 0.03125)
(0.002828427125 0.002828427125 0.03125)
(0.003464101615 0.002 0.03125)
(0.003863703305 0.00103527618 0.03125)
(0.004 0 0.03125)
(0 0.001 0.0328125)
(0.0002588190451 0.0009659258263 0.0328125)
(0.0005 0.0008660254038 0.0328125)
(0.0007071067812 0.0007071067812 0.0328125)
(0.0008660254038 0.0005 0.0328125)
(0.0009659258263 0.0002588190451 0.0328125)
(0.001 0 0.0328125)
(0 0.0025 0.0328125)
(0.0006470476128 0.002414814566 0.0328125)
(0.00125 0.002165063509 0.0328125)
(0.001767766953 0.001767766953 0.0328125)
(0.002165063509 0.00125 0.0328125)
(0.002414814566 0.0006470476128 0.0328125)
(0.0025 0 0.0328125)
(0 0.004 0.0328125)
(0.00103527618 0.003863703305 0.0328125)
(0.002 0.003464101615 0.0328125)
(0.002828427125 0.002828427125 0.0328125)
(0.003464101615 0.002 0.0328125)
(0.003863703305 0.00103527618 0.0328125)
(0.004 0 0.0328125)
(0 0.001 0.034375)
(0.0002588190451 0.0009659258263 0.034375)
(0.0005 0.0008660254038 0.034375)
(0.0007071067812 0.0007071067812 0.034375)
(0.0008660254038 0.0005 0.034375)
(0.0009659258263 0.0002588190451 0.034375)
(0.001 0 0.034375)
(0 0.0025 0.034375)
(0.0006470476128 0.002414814566 0.034375)
(0.00125 0.002165063509 0.034375)
(0.001767766953 0.001767766953 0.034375)
(0.002165063509 0.00125 0.034375)
(0.002414814566 0.0006470476128 0.034375)
(0.0025 0 0.034375)
(0 0.004 0.034375)
(0.00103527618 0.003863703305 0.034375)
(0.002 0.003464101615 0.034375)
(0.002828427125 0.002828427125 0.034375)
(0.003464101615 0.002 0.034375)
(0.003863703305 0.00103527618 0.034375)
(0.004 0 0.034375)
(0 0.001 0.0359375)
(0.0002588190451 0.0009659258263 0.0359375)
(0.0005 0.0008660254038 0.0359375)
(0.0007071067812 0.0007071067812 0.0359375)
(0.0008660254038 0.0005 0.0359375)
(0.0009659258263 0.0002588190451 0.0359375)
(0.001 0 0.0359375)
(0 0.0025 0.0359375)
(0.0006470476128 0.002414814566 0.0359375)
(0.00125 0.002165063509 0.0359375)
(0.001767766953 0.001767766953 0.0359375)
(0.002165063509 0.00125 0.0359375)
(0.002414814566 0.0006470476128 0.0359375)
(0.0025 0 0.0359375)
(0 0.004 0.0359375)
(0.00103527618 0.003863703305 0.0359375)
(0.002 0.003464101615 0.0359375)
(0.002828427125 0.002828427125 0.0359375)
(0.003464101615 0.002 0.0359375)
(0.003863703305 0.00103527618 0.0359375)
(0.004 0 0.0359375)
(0 0.001 0.0375)
(0.0002588190451 0.0009659258263 0.0375)
(0.0005 0.0008660254038 0.0375)
(0.0007071067812 0.0007071067812 0.0375)
(0.0008660254038 0.0005 0.0375)
(0.0009659258263 0.0002588190451 0.0375)
(0.001 0 0.0375)
(0 0.0025 0.0375)
(0.0006470476128 0.002414814566 0.0375)
(0.00125 0.002165063509 0.0375)
(0.001767766953 0.001767766953 0.0375)
(0.002165063509 0.00125 0.0375)
(0.002414814566 0.0006470476128 0.0375)
(0.0025 0 0.0375)
(0 0.004 0.0375)
(0.00103527618 0.003863703305 0.0375)
(0.002 0.003464101615 0.0375)
(0.002828427125 0.002828427125 0.0375)
(0.003464101615 0.002 0.0375)
(0.003863703305 0.00103527618 0.0375)
(0.004 0 0.0375)
(0 0.001 0.0390625)
(0.0002588190451 0.0009659258263 0.0390625)
(0.0005 0.0008660254038 0.0390625)
(0.0007071067812 0.0007071067812 0.0390625)
(0.0008660254038 0.0005 0.0390625)
(0.0009659258263 0.0002588190451 0.0390625)
(0.001 0 0.0390625)
(0 0.0025 0.0390625)
(0.0006470476128 0.002414814566 0.0390625)
(0.00125 0.002165063509 0.0390625)
(0.001767766953 0.001767766953 0.0390625)
(0.002165063509 0.00125 0.0390625)
(0.002414814566 0.0006470476128 0.0390625)
(0.0025 0 0.0390625)
(0 0.004 0.0390625)
(0.00103527618 0.003863703305 0.0390625)
(0.002 0.003464101615 0.0390625)
(0.002828427125 0.002828427125 0.0390625)
(0.003464101615 0.002 0.0390625)
(0.003863703305 0.00103527618 0.0390625)
(0.004 0 0.0390625)
(0 0.001 0.040625)
(0.0002588190451 0.0009659258263 0.040625)
(0.0005 0.0008660254038 0.040625)
(0.0007071067812 0.0007071067812 0.040625)
(0.0008660254038 0.0005 0.040625)
(0.0009659258263 0.0002588190451 0.040625)
(0.001 0 0.040625)
(0 0.0025 0.040625)
(0.0006470476128 0.002414814566 0.040625)
(0.00125 0.002165063509 0.040625)
(0.001767766953 0.001767766953 0.040625)
(0.002165063509 0.00125 0.040625)
(0.002414814566 0.0006470476128 0.040625)
(0.0025 0 0.040625)
(0 0.004 0.040625)
(0.00103527618 0.003863703305 0.040625)
(0.002 0.003464101615 0.040625)
(0.002828427125 0.002828427125 0.040625)
(0.003464101615 0.002 0.040625)
(0.003863703305 0.00103527618 0.040625)
(0.004 0 0.040625)
(0 0.001 0.0421875)
(0.0002588190451 0.0009659258263 0.0421875)
(0.0005 0.0008660254038 0.0421875)
(0.0007071067812 0.0007071067812 0.0421875)
(0.0008660254038 0.0005 0.0421875)
(0.0009659258263 0.0002588190451 0.0421875)
(0.001 0 0.0421875)
(0 0.0025 0.0421875)
(0.0006470476128 0.002414814566 0.0421875)
(0.00125 0.002165063509 0.0421875)
(0.001767766953 0.001767766953 0.0421875)
(0.002165063509 0.00125 0.0421875)
(0.002414814566 0.0006470476128 0.0421875)
(0.0025 0 0.0421875)
(0 0.004 0.0421875)
(0.00103527618 0.003863703305 0.0421875)
(0.002 0.003464101615 0.0421875)
(0.002828427125 0.002828427125 0.0421875)
(0.003464101615 0.002 0.0421875)
(0.003863703305 0.00103527618 0.0421875)
(0.004 0 0.0421875)
(0 0.001 0.04375)
(0.0002588190451 0.0009659258263 0.04375)
(0.0005 0.0008660254038 0.04375)
(0.0007071067812 0.0007071067812 0.04375)
(0.0008660254038 0.0005 0.04375)
(0.0009659258263 0.0002588190451 0.04375)
(0.001 0 0.04375)
(0 0.0025 0.04375)
(0.0006470476128 0.002414814566 0.04375)
(0.00125 0.002165063509 0.04375)
(0.001767766953 0.001767766953 0.04375)
(0.002165063509 0.00125 0.04375)
(0.002414814566 0.0006470476128 0.04375)
(0.0025 0 0.04375)
(0 0.004 0.04375)
(0.00103527618 0.003863703305 0.04375)
(0.002 0.003464101615 0.04375)
(0.002828427125 0.002828427125 0.04375)
(0.003464101615 0.002 0.04375)
(0.003863703305 0.00103527618 0.04375)
(0.004 0 0.04375)
(0 0.001 0.0453125)
(0.0002588190451 0.0009659258263 0.0453125)
(0.0005 0.0008660254038 0.0453125)
(0.0007071067812 0.0007071067812 0.0453125)
(0.0008660254038 0.0005 0.0453125)
(0.0009659258263 0.0002588190451 0.0453125)
(0.001 0 0.0453125)
(0 0.0025 0.0453125)
(0.0006470476128 0.002414814566 0.0453125)
(0.00125 0.002165063509 0.0453125)
(0.001767766953 0.001767766953 0.0453125)
(0.002165063509 0.00125 0.0453125)
(0.002414814566 0.0006470476128 0.0453125)
(0.0025 0 0.0453125)
(0 0.004 0.0453125)
(0.00103527618 0.003863703305 0.0453125)
(0.002 0.003464101615 0.0453125)
(0.002828427125 0.002828427125 0.0453125)
(0.003464101615 0.002 0.0453125)
(0.003863703305 0.00103527618 0.0453125)
(0.004 0 0.0453125)
(0 0.001 0.046875)
(0.0002588190451 0.0009659258263 0.046875)
(0.0005 0.0008660254038 0.046875)
(0.0007071067812 0.0007071067812 0.046875)
(0.0008660254038 0.0005 0.046875)
(0.0009659258263 0.0002588190451 0.046875)
(0.001 0 0.046875)
(0 0.0025 0.046875)
(0.0006470476128 0.002414814566 0.046875)
(0.00125 0.002165063509 0.046875)
(0.001767766953 0.001767766953 0.046875)
(0.002165063509 0.00125 0.046875)
(0.002414814566 0.0006470476128 0.046875)
(0.0025 0 0.046875)
(0 0.004 0.046875)
(0.00103527618 0.003863703305 0.046875)
(0.002 0.003464101615 0.046875)
(0.002828427125 0.002828427125 0.046875)
(0.003464101615 0.002 0.046875)
(0.003863703305 0.00103527618 0.046875)
(0.004 0 0.046875)
(0 0.001 0.0484375)
(0.0002588190451 0.0009659258263 0.0484375)
(0.0005 0.0008660254038 0.0484375)
(0.0007071067812 0.0007071067812 0.0484375)
(0.0008660254038 0.0005 0.0484375)
(0.0009659258263 0.0002588190451 0.0484375)
(0.001 0 0.0484375)
(0 0.0025 0.0484375)
(0.0006470476128 0.002414814566 0.0484375)
(0.00125 0.002165063509 0.0484375)
(0.001767766953 0.001767766953 0.0484375)
(0.002165063509 0.00125 0.0484375)
(0.002414814566 0.0006470476128 0.0484375)
(0.0025 0 0.0484375)
(0 0.004 0.0484375)
(0.00103527618 0.003863703305 0.0484375)
(0.002 0.003464101615 0.0484375)
(0.002828427125 0.002828427125 0.0484375)
(0.003464101615 0.002 0.0484375)
(0.003863703305 0.00103527618 0.0484375)
(0.004 0 0.0484375)
(0 0.001 0.05)
(0.0002588190451 0.0009659258263 0.05)
(0.0005 0.0008660254038 0.05)
(0.0007071067812 0.0007071067812 0.05)
(0.0008660254038 0.0005 0.05)
(0.0009659258263 0.0002588190451 0.05)
(0.001 0 0.05)
(0 0.0025 0.05)
(0.0006470476128 0.002414814566 0.05)
(0.00125 0.002165063509 0.05)
(0.001767766953 0.001767766953 0.05)
(0.002165063509 0.00125 0.05)
(0.002414814566 0.0006470476128 0.05)
(0.0025 0 0.05)
(0 0.004 0.05)
(0.00103527618 0.003863703305 0.05)
(0.002 0.003464101615 0.05)
(0.002828427125 0.002828427125 0.05)
(0.003464101615 0.002 0.05)
(0.003863703305 0.00103527618 0.05)
(0.004 0 0.05)
)


// ************************************************************************* //
