/*--------------------------------*- C++ -*----------------------------------*\
| =========                 |                                                 |
| \\      /  F ield         | OpenFOAM: The Open Source CFD Toolbox           |
|  \\    /   O peration     | Version:  2412                                  |
|   \\  /    A nd           | Website:  www.openfoam.com                      |
|    \\/     M anipulation  |                                                 |
\*---------------------------------------------------------------------------*/
FoamFile
{
    version     2.0;
    format      ascii;
    arch        "LSB;label=32;scalar=64";
    class       faceSet;
    location    "constant/polyMesh/sets";
    object      outputFace;
}
// * * * * * * * * * * * * * * * * * * * * * * * * * * * * * * * * * * * * * //


413
(
234678
234682
234686
234690
234694
234698
234701
234706
234709
234712
234715
234718
234721
234723
234727
234730
234733
234736
234739
234742
234744
234748
234751
234754
234757
234760
234763
234765
234769
234772
234775
234778
234781
234784
234786
234790
234793
234796
234799
234802
234805
234807
234811
234814
234817
234820
234823
234826
234828
234832
234835
234838
234841
234844
234847
234849
234853
234856
234859
234862
234865
234868
234870
234874
234877
234880
234883
234886
234889
234891
234895
234898
354707
234901
354711
234904
354715
234907
234910
354719
234912
354723
234916
354727
234919
354730
234922
234925
354735
234928
354738
234931
354741
234933
354744
234936
234938
354747
234940
354750
234942
354752
234944
234946
234947
354756
114116
354759
114121
354762
354765
114125
354768
114129
354771
354773
114133
354777
114137
354780
114140
354783
114145
354786
354789
114149
354792
114152
354794
114155
354798
114158
354801
114161
114163
354804
354807
114167
354810
114171
354813
114174
354815
114177
354819
114180
354822
114183
354825
114185
354828
114189
354831
114193
354834
354836
114196
114199
354840
114202
354843
114205
354846
114207
354849
114211
354852
354855
114215
354857
114218
469549
354861
114221
354864
114224
469553
354867
114227
469557
114229
354870
469561
354873
114233
354876
469565
114237
354878
114240
469569
354882
114243
469572
354885
114246
469576
354888
114249
469579
354891
114251
469582
354894
114255
469585
354897
354899
114259
469588
114262
469591
354903
469593
114265
354906
469596
114268
354909
469599
114271
354912
114273
469602
354915
469605
114277
354918
469608
354920
114281
469611
354924
114284
469613
354927
114287
469616
354930
114290
469619
354933
114293
469622
114295
354936
469625
354939
114299
469628
354941
469631
114303
469633
354945
114306
469636
354948
114309
469639
354951
114312
469642
354954
114315
469645
354957
114317
469648
354960
114321
354962
469651
469653
354965
114325
354967
469656
114328
354969
469659
354971
114331
354973
469662
114334
354975
354976
469665
114337
114339
469668
469671
114343
469673
114347
469676
114350
469679
114353
469682
114356
469685
114359
469688
114361
469691
469693
114365
469696
533185
114369
469699
533188
114372
469702
533191
114375
469705
533194
114378
469708
533197
114381
469711
114383
533200
469713
533202
114386
469716
533205
114389
469719
114391
533208
114393
469722
533211
114395
469725
114397
533214
114398
469728
533217
469731
533220
469733
533222
469736
533225
469739
533228
469742
533231
469745
533234
469748
533237
469751
533240
469753
533242
469756
533245
469759
533248
469762
533251
469765
533254
469768
533257
469771
533260
469773
533262
469776
533265
469779
533268
469782
533271
469785
533274
469788
533277
469791
533280
469793
533282
469795
533285
469797
469799
533288
469801
533291
469803
469805
533294
469806
533297
533300
533302
533304
533306
533308
533310
533312
533314
533315
)


// ************************************************************************* //
