/*--------------------------------*- C++ -*----------------------------------*\
| =========                 |                                                 |
| \\      /  F ield         | OpenFOAM: The Open Source CFD Toolbox           |
|  \\    /   O peration     | Version:  2412                                  |
|   \\  /    A nd           | Website:  www.openfoam.com                      |
|    \\/     M anipulation  |                                                 |
\*---------------------------------------------------------------------------*/
FoamFile
{
    version     2.0;
    format      ascii;
    arch        "LSB;label=32;scalar=64";
    class       faceList;
    location    "constant/polyMesh";
    object      faces;
}
// * * * * * * * * * * * * * * * * * * * * * * * * * * * * * * * * * * * * * //


272
(
4(1 32 125 94)
4(31 124 125 32)
4(2 33 126 95)
4(32 125 126 33)
4(3 34 127 96)
4(33 126 127 34)
4(4 35 128 97)
4(34 127 128 35)
4(5 36 129 98)
4(35 128 129 36)
4(6 37 130 99)
4(36 129 130 37)
4(7 38 131 100)
4(37 130 131 38)
4(8 39 132 101)
4(38 131 132 39)
4(9 40 133 102)
4(39 132 133 40)
4(10 41 134 103)
4(40 133 134 41)
4(11 42 135 104)
4(41 134 135 42)
4(12 43 136 105)
4(42 135 136 43)
4(13 44 137 106)
4(43 136 137 44)
4(14 45 138 107)
4(44 137 138 45)
4(15 46 139 108)
4(45 138 139 46)
4(16 47 140 109)
4(46 139 140 47)
4(17 48 141 110)
4(47 140 141 48)
4(18 49 142 111)
4(48 141 142 49)
4(19 50 143 112)
4(49 142 143 50)
4(20 51 144 113)
4(50 143 144 51)
4(21 52 145 114)
4(51 144 145 52)
4(22 53 146 115)
4(52 145 146 53)
4(23 54 147 116)
4(53 146 147 54)
4(24 55 148 117)
4(54 147 148 55)
4(25 56 149 118)
4(55 148 149 56)
4(26 57 150 119)
4(56 149 150 57)
4(27 58 151 120)
4(57 150 151 58)
4(28 59 152 121)
4(58 151 152 59)
4(29 60 153 122)
4(59 152 153 60)
4(60 153 154 61)
4(32 63 156 125)
4(33 64 157 126)
4(34 65 158 127)
4(35 66 159 128)
4(36 67 160 129)
4(37 68 161 130)
4(38 69 162 131)
4(39 70 163 132)
4(40 71 164 133)
4(41 72 165 134)
4(42 73 166 135)
4(43 74 167 136)
4(44 75 168 137)
4(45 76 169 138)
4(46 77 170 139)
4(47 78 171 140)
4(48 79 172 141)
4(49 80 173 142)
4(50 81 174 143)
4(51 82 175 144)
4(52 83 176 145)
4(53 84 177 146)
4(54 85 178 147)
4(55 86 179 148)
4(56 87 180 149)
4(57 88 181 150)
4(58 89 182 151)
4(59 90 183 152)
4(60 91 184 153)
4(0 31 32 1)
4(31 62 63 32)
4(1 32 33 2)
4(32 63 64 33)
4(2 33 34 3)
4(33 64 65 34)
4(3 34 35 4)
4(34 65 66 35)
4(4 35 36 5)
4(35 66 67 36)
4(5 36 37 6)
4(36 67 68 37)
4(6 37 38 7)
4(37 68 69 38)
4(7 38 39 8)
4(38 69 70 39)
4(8 39 40 9)
4(39 70 71 40)
4(9 40 41 10)
4(40 71 72 41)
4(10 41 42 11)
4(41 72 73 42)
4(11 42 43 12)
4(42 73 74 43)
4(12 43 44 13)
4(43 74 75 44)
4(13 44 45 14)
4(44 75 76 45)
4(14 45 46 15)
4(45 76 77 46)
4(15 46 47 16)
4(46 77 78 47)
4(16 47 48 17)
4(47 78 79 48)
4(17 48 49 18)
4(48 79 80 49)
4(18 49 50 19)
4(49 80 81 50)
4(19 50 51 20)
4(50 81 82 51)
4(20 51 52 21)
4(51 82 83 52)
4(21 52 53 22)
4(52 83 84 53)
4(22 53 54 23)
4(53 84 85 54)
4(23 54 55 24)
4(54 85 86 55)
4(24 55 56 25)
4(55 86 87 56)
4(25 56 57 26)
4(56 87 88 57)
4(26 57 58 27)
4(57 88 89 58)
4(27 58 59 28)
4(58 89 90 59)
4(28 59 60 29)
4(59 90 91 60)
4(29 60 61 30)
4(60 91 92 61)
4(93 94 125 124)
4(124 125 156 155)
4(94 95 126 125)
4(125 126 157 156)
4(95 96 127 126)
4(126 127 158 157)
4(96 97 128 127)
4(127 128 159 158)
4(97 98 129 128)
4(128 129 160 159)
4(98 99 130 129)
4(129 130 161 160)
4(99 100 131 130)
4(130 131 162 161)
4(100 101 132 131)
4(131 132 163 162)
4(101 102 133 132)
4(132 133 164 163)
4(102 103 134 133)
4(133 134 165 164)
4(103 104 135 134)
4(134 135 166 165)
4(104 105 136 135)
4(135 136 167 166)
4(105 106 137 136)
4(136 137 168 167)
4(106 107 138 137)
4(137 138 169 168)
4(107 108 139 138)
4(138 139 170 169)
4(108 109 140 139)
4(139 140 171 170)
4(109 110 141 140)
4(140 141 172 171)
4(110 111 142 141)
4(141 142 173 172)
4(111 112 143 142)
4(142 143 174 173)
4(112 113 144 143)
4(143 144 175 174)
4(113 114 145 144)
4(144 145 176 175)
4(114 115 146 145)
4(145 146 177 176)
4(115 116 147 146)
4(146 147 178 177)
4(116 117 148 147)
4(147 148 179 178)
4(117 118 149 148)
4(148 149 180 179)
4(118 119 150 149)
4(149 150 181 180)
4(119 120 151 150)
4(150 151 182 181)
4(120 121 152 151)
4(151 152 183 182)
4(121 122 153 152)
4(152 153 184 183)
4(122 123 154 153)
4(153 154 185 184)
4(62 155 156 63)
4(63 156 157 64)
4(64 157 158 65)
4(65 158 159 66)
4(66 159 160 67)
4(67 160 161 68)
4(68 161 162 69)
4(69 162 163 70)
4(70 163 164 71)
4(71 164 165 72)
4(72 165 166 73)
4(73 166 167 74)
4(74 167 168 75)
4(75 168 169 76)
4(76 169 170 77)
4(77 170 171 78)
4(78 171 172 79)
4(79 172 173 80)
4(80 173 174 81)
4(81 174 175 82)
4(82 175 176 83)
4(83 176 177 84)
4(84 177 178 85)
4(85 178 179 86)
4(86 179 180 87)
4(87 180 181 88)
4(88 181 182 89)
4(89 182 183 90)
4(90 183 184 91)
4(91 184 185 92)
4(0 1 94 93)
4(1 2 95 94)
4(2 3 96 95)
4(3 4 97 96)
4(4 5 98 97)
4(5 6 99 98)
4(6 7 100 99)
4(7 8 101 100)
4(8 9 102 101)
4(9 10 103 102)
4(10 11 104 103)
4(11 12 105 104)
4(12 13 106 105)
4(13 14 107 106)
4(14 15 108 107)
4(15 16 109 108)
4(16 17 110 109)
4(17 18 111 110)
4(18 19 112 111)
4(19 20 113 112)
4(20 21 114 113)
4(21 22 115 114)
4(22 23 116 115)
4(23 24 117 116)
4(24 25 118 117)
4(25 26 119 118)
4(26 27 120 119)
4(27 28 121 120)
4(28 29 122 121)
4(29 30 123 122)
4(0 93 124 31)
4(31 124 155 62)
4(30 61 154 123)
4(61 92 185 154)
)


// ************************************************************************* //
