/*--------------------------------*- C++ -*----------------------------------*\
| =========                 |                                                 |
| \\      /  F ield         | OpenFOAM: The Open Source CFD Toolbox           |
|  \\    /   O peration     | Version:  2412                                  |
|   \\  /    A nd           | Website:  www.openfoam.com                      |
|    \\/     M anipulation  |                                                 |
\*---------------------------------------------------------------------------*/
FoamFile
{
    version     2.0;
    format      ascii;
    arch        "LSB;label=32;scalar=64";
    note        "nPoints:186  nCells:60  nFaces:272  nInternalFaces:88";
    class       labelList;
    location    "constant/polyMesh";
    object      owner;
}
// * * * * * * * * * * * * * * * * * * * * * * * * * * * * * * * * * * * * * //


272
(
0
0
1
1
2
2
3
3
4
4
5
5
6
6
7
7
8
8
9
9
10
10
11
11
12
12
13
13
14
14
15
15
16
16
17
17
18
18
19
19
20
20
21
21
22
22
23
23
24
24
25
25
26
26
27
27
28
28
29
30
31
32
33
34
35
36
37
38
39
40
41
42
43
44
45
46
47
48
49
50
51
52
53
54
55
56
57
58
0
30
1
31
2
32
3
33
4
34
5
35
6
36
7
37
8
38
9
39
10
40
11
41
12
42
13
43
14
44
15
45
16
46
17
47
18
48
19
49
20
50
21
51
22
52
23
53
24
54
25
55
26
56
27
57
28
58
29
59
0
30
1
31
2
32
3
33
4
34
5
35
6
36
7
37
8
38
9
39
10
40
11
41
12
42
13
43
14
44
15
45
16
46
17
47
18
48
19
49
20
50
21
51
22
52
23
53
24
54
25
55
26
56
27
57
28
58
29
59
30
31
32
33
34
35
36
37
38
39
40
41
42
43
44
45
46
47
48
49
50
51
52
53
54
55
56
57
58
59
0
1
2
3
4
5
6
7
8
9
10
11
12
13
14
15
16
17
18
19
20
21
22
23
24
25
26
27
28
29
0
30
29
59
)


// ************************************************************************* //
