/*--------------------------------*- C++ -*----------------------------------*\
| =========                 |                                                 |
| \\      /  F ield         | OpenFOAM: The Open Source CFD Toolbox           |
|  \\    /   O peration     | Version:  2412                                  |
|   \\  /    A nd           | Website:  www.openfoam.com                      |
|    \\/     M anipulation  |                                                 |
\*---------------------------------------------------------------------------*/
FoamFile
{
    version     2.0;
    format      ascii;
    arch        "LSB;label=32;scalar=64";
    class       vectorField;
    location    "constant/polyMesh";
    object      points;
}
// * * * * * * * * * * * * * * * * * * * * * * * * * * * * * * * * * * * * * //


186
(
(0 0.004 0)
(0.000209343825 0.003994518139 0)
(0.0004181138531 0.003978087581 0)
(0.0006257378602 0.003950753362 0)
(0.0008316467633 0.003912590403 0)
(0.00103527618 0.003863703305 0)
(0.001236067977 0.003804226065 0)
(0.001433471798 0.003734321706 0)
(0.001626946572 0.003654181831 0)
(0.001815961999 0.003564026097 0)
(0.002 0.003464101615 0)
(0.00217855614 0.003354682272 0)
(0.002351141009 0.003236067977 0)
(0.002517281564 0.003108583846 0)
(0.002676522425 0.002972579302 0)
(0.002828427125 0.002828427125 0)
(0.002972579302 0.002676522425 0)
(0.003108583846 0.002517281564 0)
(0.003236067977 0.002351141009 0)
(0.003354682272 0.00217855614 0)
(0.003464101615 0.002 0)
(0.003564026097 0.001815961999 0)
(0.003654181831 0.001626946572 0)
(0.003734321706 0.001433471798 0)
(0.003804226065 0.001236067977 0)
(0.003863703305 0.00103527618 0)
(0.003912590403 0.0008316467633 0)
(0.003950753362 0.0006257378602 0)
(0.003978087581 0.0004181138531 0)
(0.003994518139 0.000209343825 0)
(0.004 0 0)
(0 0.00425 0)
(0.000222427814 0.004244175523 0)
(0.0004442459689 0.004226718055 0)
(0.0006648464764 0.004197675448 0)
(0.000883624686 0.004157127303 0)
(0.001099980942 0.004105184762 0)
(0.001313322226 0.004041990194 0)
(0.001523063786 0.003967716813 0)
(0.001728630733 0.003882568195 0)
(0.001929459624 0.003786777728 0)
(0.002125 0.003680607966 0)
(0.002314715899 0.003564349914 0)
(0.002498087322 0.003438322226 0)
(0.002674611662 0.003302870336 0)
(0.002843805077 0.003158365508 0)
(0.00300520382 0.00300520382 0)
(0.003158365508 0.002843805077 0)
(0.003302870336 0.002674611662 0)
(0.003438322226 0.002498087322 0)
(0.003564349914 0.002314715899 0)
(0.003680607966 0.002125 0)
(0.003786777728 0.001929459624 0)
(0.003882568195 0.001728630733 0)
(0.003967716813 0.001523063786 0)
(0.004041990194 0.001313322226 0)
(0.004105184762 0.001099980942 0)
(0.004157127303 0.000883624686 0)
(0.004197675448 0.0006648464764 0)
(0.004226718055 0.0004442459689 0)
(0.004244175523 0.000222427814 0)
(0.00425 0 0)
(0 0.0045 0)
(0.0002355118031 0.004493832906 0)
(0.0004703780847 0.004475348529 0)
(0.0007039550927 0.004444597533 0)
(0.0009356026087 0.004401664203 0)
(0.001164685703 0.004346666218 0)
(0.001390576475 0.004279754323 0)
(0.001612655773 0.004201111919 0)
(0.001830314894 0.004110954559 0)
(0.002042957249 0.004009529359 0)
(0.00225 0.003897114317 0)
(0.002450875658 0.003774017556 0)
(0.002645033635 0.003640576475 0)
(0.00283194176 0.003497156827 0)
(0.003011087729 0.003344151715 0)
(0.003181980515 0.003181980515 0)
(0.003344151715 0.003011087729 0)
(0.003497156827 0.00283194176 0)
(0.003640576475 0.002645033635 0)
(0.003774017556 0.002450875658 0)
(0.003897114317 0.00225 0)
(0.004009529359 0.002042957249 0)
(0.004110954559 0.001830314894 0)
(0.004201111919 0.001612655773 0)
(0.004279754323 0.001390576475 0)
(0.004346666218 0.001164685703 0)
(0.004401664203 0.0009356026087 0)
(0.004444597533 0.0007039550927 0)
(0.004475348529 0.0004703780847 0)
(0.004493832906 0.0002355118031 0)
(0.0045 0 0)
(0 0.004 0.1)
(0.000209343825 0.003994518139 0.1)
(0.0004181138531 0.003978087581 0.1)
(0.0006257378602 0.003950753362 0.1)
(0.0008316467633 0.003912590403 0.1)
(0.00103527618 0.003863703305 0.1)
(0.001236067977 0.003804226065 0.1)
(0.001433471798 0.003734321706 0.1)
(0.001626946572 0.003654181831 0.1)
(0.001815961999 0.003564026097 0.1)
(0.002 0.003464101615 0.1)
(0.00217855614 0.003354682272 0.1)
(0.002351141009 0.003236067977 0.1)
(0.002517281564 0.003108583846 0.1)
(0.002676522425 0.002972579302 0.1)
(0.002828427125 0.002828427125 0.1)
(0.002972579302 0.002676522425 0.1)
(0.003108583846 0.002517281564 0.1)
(0.003236067977 0.002351141009 0.1)
(0.003354682272 0.00217855614 0.1)
(0.003464101615 0.002 0.1)
(0.003564026097 0.001815961999 0.1)
(0.003654181831 0.001626946572 0.1)
(0.003734321706 0.001433471798 0.1)
(0.003804226065 0.001236067977 0.1)
(0.003863703305 0.00103527618 0.1)
(0.003912590403 0.0008316467633 0.1)
(0.003950753362 0.0006257378602 0.1)
(0.003978087581 0.0004181138531 0.1)
(0.003994518139 0.000209343825 0.1)
(0.004 0 0.1)
(0 0.00425 0.1)
(0.000222427814 0.004244175523 0.1)
(0.0004442459689 0.004226718055 0.1)
(0.0006648464764 0.004197675448 0.1)
(0.000883624686 0.004157127303 0.1)
(0.001099980942 0.004105184762 0.1)
(0.001313322226 0.004041990194 0.1)
(0.001523063786 0.003967716813 0.1)
(0.001728630733 0.003882568195 0.1)
(0.001929459624 0.003786777728 0.1)
(0.002125 0.003680607966 0.1)
(0.002314715899 0.003564349914 0.1)
(0.002498087322 0.003438322226 0.1)
(0.002674611662 0.003302870336 0.1)
(0.002843805077 0.003158365508 0.1)
(0.00300520382 0.00300520382 0.1)
(0.003158365508 0.002843805077 0.1)
(0.003302870336 0.002674611662 0.1)
(0.003438322226 0.002498087322 0.1)
(0.003564349914 0.002314715899 0.1)
(0.003680607966 0.002125 0.1)
(0.003786777728 0.001929459624 0.1)
(0.003882568195 0.001728630733 0.1)
(0.003967716813 0.001523063786 0.1)
(0.004041990194 0.001313322226 0.1)
(0.004105184762 0.001099980942 0.1)
(0.004157127303 0.000883624686 0.1)
(0.004197675448 0.0006648464764 0.1)
(0.004226718055 0.0004442459689 0.1)
(0.004244175523 0.000222427814 0.1)
(0.00425 0 0.1)
(0 0.0045 0.1)
(0.0002355118031 0.004493832906 0.1)
(0.0004703780847 0.004475348529 0.1)
(0.0007039550927 0.004444597533 0.1)
(0.0009356026087 0.004401664203 0.1)
(0.001164685703 0.004346666218 0.1)
(0.001390576475 0.004279754323 0.1)
(0.001612655773 0.004201111919 0.1)
(0.001830314894 0.004110954559 0.1)
(0.002042957249 0.004009529359 0.1)
(0.00225 0.003897114317 0.1)
(0.002450875658 0.003774017556 0.1)
(0.002645033635 0.003640576475 0.1)
(0.00283194176 0.003497156827 0.1)
(0.003011087729 0.003344151715 0.1)
(0.003181980515 0.003181980515 0.1)
(0.003344151715 0.003011087729 0.1)
(0.003497156827 0.00283194176 0.1)
(0.003640576475 0.002645033635 0.1)
(0.003774017556 0.002450875658 0.1)
(0.003897114317 0.00225 0.1)
(0.004009529359 0.002042957249 0.1)
(0.004110954559 0.001830314894 0.1)
(0.004201111919 0.001612655773 0.1)
(0.004279754323 0.001390576475 0.1)
(0.004346666218 0.001164685703 0.1)
(0.004401664203 0.0009356026087 0.1)
(0.004444597533 0.0007039550927 0.1)
(0.004475348529 0.0004703780847 0.1)
(0.004493832906 0.0002355118031 0.1)
(0.0045 0 0.1)
)


// ************************************************************************* //
