6.309573444801930236e+03 3.483453960580309983e-02 1.152486000000000033e+01 1.109213000000000022e+02 1.282160000000000011e+01
8.208914159638254205e+03 3.223077855240123746e-02 1.406954999999999956e+01 1.167878999999999934e+02 1.584359000000000073e+01
1.068000432514575550e+04 3.010128858491913778e-02 1.770045000000000002e+01 1.228589000000000055e+02 1.980315999999999832e+01
1.389495494373135989e+04 2.815914639908281489e-02 2.227552999999999983e+01 1.290220999999999947e+02 2.477233000000000018e+01
1.807768676963434336e+04 2.638411018297533508e-02 2.804219000000000150e+01 1.351568000000000040e+02 3.101238000000000028e+01
2.351952635070956603e+04 2.475934442118540857e-02 3.531418000000000035e+01 1.411407000000000096e+02 3.885394000000000148e+01
3.059949687207195893e+04 2.327057598402549471e-02 4.449031000000000091e+01 1.468569999999999993e+02 4.871540000000000248e+01
3.981071705534969078e+04 2.190479469855623543e-02 5.607824999999999704e+01 1.522019999999999982e+02 6.112653000000000247e+01
5.179474679231212940e+04 2.065086921054476096e-02 7.072502000000000066e+01 1.570928000000000111e+02 7.675754000000000588e+01
6.738627168030940811e+04 1.949970547443624636e-02 8.925569000000000131e+01 1.614724999999999966e+02 9.645555000000000234e+01
8.767123872968686919e+04 1.844119979357219594e-02 1.127241000000000071e+02 1.653129999999999882e+02 1.212925000000000040e+02
1.140624923851320345e+05 1.746674830327866676e-02 1.424781999999999869e+02 1.731039000000000101e+02 1.526234000000000037e+02
1.483981788967563189e+05 1.656763586110223535e-02 1.588014000000000010e+02 2.082735999999999876e+02 1.921613000000000113e+02
1.930697728883249511e+05 1.573658622727907436e-02 1.611353000000000009e+02 2.595285999999999831e+02 2.420691999999999950e+02
2.511886431509582035e+05 1.496678037368725893e-02 1.630571999999999946e+02 3.260713000000000079e+02 3.050785999999999945e+02
3.268027589410125511e+05 1.425186688750921735e-02 1.646193000000000097e+02 4.113202999999999747e+02 3.846394000000000233e+02
4.251786303382885526e+05 1.358594178169668550e-02 1.658750000000000000e+02 5.224945000000000164e+02 4.851068000000000211e+02
5.531681197617227444e+05 1.296337654368564900e-02 1.668751000000000033e+02 6.640307000000000244e+02 6.119822000000000344e+02
7.196856730011528125e+05 1.237932492596275497e-02 1.676657999999999902e+02 8.442961000000000240e+02 7.722095000000000482e+02
9.363292088239416480e+05 1.182937546026509128e-02 1.682872000000000128e+02 1.073980999999999995e+03 9.745574000000000296e+02
1.218187912010114873e+06 1.130954579414104010e-02 1.687730999999999995e+02 1.366748000000000047e+03 1.230099999999999909e+03
1.584893192461114144e+06 1.081658774822533663e-02 1.691516000000000020e+02 1.740060999999999922e+03 1.552818999999999960e+03
